# background statistics
# All the values except 'a' and 'T00' are computed in the hiclass.
# The quantities rho_x, rho_x_prime are in unit of hiclass, T00 is in the k-evolution code's unit
# Constant values at end of file:
# fourpiG   =             4.172438e-02
# H0[1/Mpc] =             2.253426e-04

# 0:cycle      1:tau/boxsize            2:a                      3:z                      4:H [1/Mpc]              5:Hconf                  6:Hconf_prime            7:Hconf_prime_prime      8:rho_cdm                9:rho_b                  10:rho_g                 11:rho_ur                12:rho_crit              13:rho_smg               14:p_smg                 15:rho_smg_prime         16:p_smg_prime           17:alpha_K               18:alpha_B               19:alpha_K_prime         20:alpha_B_prime         21:cs2                   22:cs2num                23:kin (D)               24:phi(k=0)              25:T00_hom               26:T00_KGB_hom          
 0               1.799567e+00             9.900990e-03             1.000000e+02             1.296539e-01             9.501019e-01             -4.643421e-01            4.659120e-01             1.379994e-02             2.525670e-03             2.863185e-04             1.980662e-04             1.681013e-02             1.394711e-07             -1.255240e-07            -5.371180e-11            4.834062e-11             2.489055e-02             3.318740e-06             8.719050e-05             1.162540e-08             3.952526e-04             9.838054e-06             2.489055e-02             0.000000e+00             3.120460e-01             6.543128e-26            
 1               1.841668e+00             1.030088e-02             9.607912e+01             1.221095e-01             9.309569e-01             -4.453450e-01            4.370820e-01             1.225436e-02             2.242797e-03             2.443809e-04             1.690551e-04             1.491073e-02             1.378243e-07             -1.240418e-07            -5.200804e-11            4.680724e-11             2.772988e-02             3.697318e-06             9.514120e-05             1.268549e-08             3.951799e-04             1.095829e-05             2.772988e-02             4.636945e-10             3.120460e-01             5.358903e-24            
 2               1.884634e+00             1.071692e-02             9.231041e+01             1.150065e-01             9.122168e-01             -4.271589e-01            4.098528e-01             1.088187e-02             1.991603e-03             2.085856e-04             1.442930e-04             1.322648e-02             1.361968e-07             -1.225771e-07            -5.035937e-11            4.532343e-11             3.089184e-02             4.118912e-06             1.038163e-04             1.384217e-08             3.951099e-04             1.220567e-05             3.089184e-02             8.751975e-10             3.120460e-01             -1.532137e-14           
 3               1.928483e+00             1.114977e-02             8.868798e+01             1.083187e-01             8.938721e-01             -4.097466e-01            3.846226e-01             9.663082e-03             1.768541e-03             1.780331e-04             1.231578e-04             1.173295e-02             1.345886e-07             -1.211297e-07            -4.876394e-11            4.388755e-11             3.441298e-02             4.588397e-06             1.132818e-04             1.510424e-08             3.950423e-04             1.359458e-05             3.441298e-02             1.260012e-09             3.120460e-01             -1.451141e-14           
 4               1.973233e+00             1.160010e-02             8.520613e+01             1.020219e-01             8.759133e-01             -3.930735e-01            3.609957e-01             8.580794e-03             1.570460e-03             1.519555e-04             1.051181e-04             1.040846e-02             1.329993e-07             -1.196994e-07            -4.721997e-11            4.249797e-11             3.833399e-02             5.111199e-06             1.236096e-04             1.648128e-08             3.949773e-04             1.514106e-05             3.833399e-02             1.621302e-09             3.120460e-01             -1.452065e-14           
 5               2.018899e+00             1.206863e-02             8.185943e+01             9.609282e-02             8.583314e-01             -3.771056e-01            3.386630e-01             7.619716e-03             1.394564e-03             1.296975e-04             8.972069e-05             9.233830e-03             1.314288e-07             -1.182859e-07            -4.572574e-11            4.115316e-11             4.270020e-02             5.693359e-06             1.348783e-04             1.798377e-08             3.949146e-04             1.686293e-05             4.270020e-02             1.961795e-09             3.120460e-01             -1.460393e-14           
 6               2.065501e+00             1.255609e-02             7.864262e+01             9.050994e-02             8.411176e-01             -3.618110e-01            3.179583e-01             6.766275e-03             1.238366e-03             1.106996e-04             7.657854e-05             8.192050e-03             1.298768e-07             -1.168891e-07            -4.427959e-11            3.985163e-11             4.756201e-02             6.341602e-06             1.471735e-04             1.962313e-08             3.948541e-04             1.878006e-05             4.756201e-02             2.283970e-09             3.120460e-01             -1.476771e-14           
 7               2.113057e+00             1.306324e-02             7.555067e+01             8.525288e-02             8.242635e-01             -3.471601e-01            2.985567e-01             6.008417e-03             1.099663e-03             9.448436e-05             6.536134e-05             7.268054e-03             1.283431e-07             -1.155088e-07            -4.287991e-11            3.859192e-11             5.297558e-02             7.063411e-06             1.605888e-04             2.141183e-08             3.947959e-04             2.091454e-05             5.297558e-02             2.590083e-09             3.120460e-01             -1.502638e-14           
 8               2.161585e+00             1.359088e-02             7.257874e+01             8.030249e-02             8.077606e-01             -3.331236e-01            2.802043e-01             5.335437e-03             9.764939e-04             8.064421e-05             5.578715e-05             6.448489e-03             1.268275e-07             -1.141448e-07            -4.152518e-11            3.737266e-11             5.900338e-02             7.867117e-06             1.752260e-04             2.336347e-08             3.947397e-04             2.329098e-05             5.900338e-02             2.882198e-09             3.120460e-01             -1.539703e-14           
 9               2.211105e+00             1.413984e-02             6.972216e+01             7.564075e-02             7.916009e-01             -3.196741e-01            2.631807e-01             4.737831e-03             8.671197e-04             6.883129e-05             4.761534e-05             5.721523e-03             1.253299e-07             -1.127969e-07            -4.021389e-11            3.619250e-11             6.571495e-02             8.761993e-06             1.911966e-04             2.549288e-08             3.946856e-04             2.593675e-05             6.571495e-02             3.162205e-09             3.120460e-01             -1.589964e-14           
 10              2.261635e+00             1.471097e-02             6.697646e+01             7.125072e-02             7.757767e-01             -3.067861e-01            2.472193e-01             4.207157e-03             7.699955e-04             5.874868e-05             4.064051e-05             5.076665e-03             1.238498e-07             -1.114649e-07            -3.894462e-11            3.505015e-11             7.318771e-02             9.758362e-06             2.086219e-04             2.781625e-08             3.946335e-04             2.888232e-05             7.318771e-02             3.431832e-09             3.120460e-01             -1.655743e-14           
 11              2.313197e+00             1.530518e-02             6.433734e+01             6.711647e-02             7.602801e-01             -2.944345e-01            2.321110e-01             3.735919e-03             6.837494e-04             5.014294e-05             3.468732e-05             4.504621e-03             1.223873e-07             -1.101486e-07            -3.771597e-11            3.394437e-11             8.150783e-02             1.086771e-05             2.276343e-04             3.035123e-08             3.945832e-04             3.216162e-05             8.150783e-02             3.692672e-09             3.120460e-01             -1.739734e-14           
 12              2.365809e+00             1.592340e-02             6.180067e+01             6.322301e-02             7.451040e-01             -2.825954e-01            2.180894e-01             3.317461e-03             6.071630e-04             4.279775e-05             2.960615e-05             3.997149e-03             1.209420e-07             -1.088478e-07            -3.652661e-11            3.287394e-11             9.077121e-02             1.210283e-05             2.483783e-04             3.311710e-08             3.945347e-04             3.581239e-05             9.077121e-02             3.946186e-09             3.120460e-01             -1.845058e-14           
 13              2.419492e+00             1.656659e-02             5.936246e+01             5.955622e-02             7.302410e-01             -2.712471e-01            2.049362e-01             2.945872e-03             5.391546e-04             3.652848e-05             2.526926e-05             3.546943e-03             1.195138e-07             -1.075624e-07            -3.537524e-11            3.183772e-11             1.010846e-01             1.347795e-05             2.710116e-04             3.613488e-08             3.944879e-04             3.987665e-05             1.010846e-01             4.193723e-09             3.120460e-01             -1.975327e-14           
 14              2.474269e+00             1.723576e-02             5.701890e+01             5.610284e-02             7.156841e-01             -2.603676e-01            1.924785e-01             2.615902e-03             4.787634e-04             3.117754e-05             2.156765e-05             3.147529e-03             1.181024e-07             -1.062922e-07            -3.426063e-11            3.083457e-11             1.125668e-01             1.500891e-05             2.957062e-04             3.942749e-08             3.944428e-04             4.440116e-05             1.125668e-01             4.436529e-09             3.120460e-01             -2.134721e-14           
 15              2.530160e+00             1.793197e-02             5.476631e+01             5.285038e-02             7.014265e-01             -2.499366e-01            1.809109e-01             2.322891e-03             4.251364e-04             2.661041e-05             1.840825e-05             2.793162e-03             1.167077e-07             -1.050369e-07            -3.318157e-11            2.986341e-11             1.253501e-01             1.671334e-05             3.226497e-04             4.301996e-08             3.943992e-04             4.943796e-05             1.253501e-01             4.675757e-09             3.120460e-01             -2.328074e-14           
 16              2.587186e+00             1.865631e-02             5.260117e+01             4.978708e-02             6.874616e-01             -2.399350e-01            1.700554e-01             2.062698e-03             3.775159e-04             2.271229e-05             1.571165e-05             2.478754e-03             1.153294e-07             -1.037965e-07            -3.213689e-11            2.892320e-11             1.395816e-01             1.861088e-05             3.520468e-04             4.693957e-08             3.943571e-04             5.504499e-05             1.395816e-01             4.912479e-09             3.120460e-01             -2.560974e-14           
 17              2.645371e+00             1.940991e-02             5.052007e+01             4.690190e-02             6.737829e-01             -2.303441e-01            1.597681e-01             1.831650e-03             3.352293e-04             1.938518e-05             1.341006e-05             2.199788e-03             1.139675e-07             -1.025707e-07            -3.112548e-11            2.801293e-11             1.554251e-01             2.072335e-05             3.841209e-04             5.121613e-08             3.943165e-04             6.128669e-05             1.554251e-01             5.147691e-09             3.120460e-01             -2.839883e-14           
 18              2.704738e+00             2.019396e-02             4.851977e+01             4.418442e-02             6.603840e-01             -2.211459e-01            1.502112e-01             1.626480e-03             2.976791e-04             1.654544e-05             1.144562e-05             1.952263e-03             1.126215e-07             -1.013594e-07            -3.014625e-11            2.713162e-11             1.730631e-01             2.307508e-05             4.191157e-04             5.588210e-08             3.942773e-04             6.823484e-05             1.730631e-01             5.382326e-09             3.120460e-01             -3.172268e-14           
 19              2.765308e+00             2.100968e-02             4.659711e+01             4.162485e-02             6.472590e-01             -2.123241e-01            1.412396e-01             1.444291e-03             2.643348e-04             1.412168e-05             9.768937e-06             1.732628e-03             1.112915e-07             -1.001624e-07            -2.919815e-11            2.627834e-11             1.926983e-01             2.569311e-05             4.572969e-04             6.097293e-08             3.942393e-04             7.596926e-05             1.926983e-01             5.617256e-09             3.120460e-01             -3.566755e-14           
 20              2.827107e+00             2.185835e-02             4.474910e+01             3.921398e-02             6.344017e-01             -2.038624e-01            1.327333e-01             1.282510e-03             2.347254e-04             1.205297e-05             8.337868e-06             1.537736e-03             1.099772e-07             -9.897948e-08            -2.828018e-11            2.545217e-11             2.145567e-01             2.860757e-05             4.989546e-04             6.652728e-08             3.942026e-04             8.457882e-05             2.145567e-01             5.853304e-09             3.120460e-01             -4.033312e-14           
 21              2.890159e+00             2.274132e-02             4.297283e+01             3.694312e-02             6.218064e-01             -1.957452e-01            1.248272e-01             1.138849e-03             2.084326e-04             1.028730e-05             7.116433e-06             1.364794e-03             1.086784e-07             -9.781055e-08            -2.739136e-11            2.465223e-11             2.388897e-01             3.185195e-05             5.444051e-04             7.258735e-08             3.941670e-04             9.416242e-05             2.388897e-01             6.091244e-09             3.120459e-01             -4.583454e-14           
 22              2.954488e+00             2.365995e-02             4.126551e+01             3.480411e-02             6.094674e-01             -1.879583e-01            1.174033e-01             1.011280e-03             1.850849e-04             8.780280e-06             6.073924e-06             1.211326e-03             1.073949e-07             -9.665543e-08            -2.653075e-11            2.387767e-11             2.659768e-01             3.546358e-05             5.939935e-04             7.919913e-08             3.941325e-04             1.048301e-04             2.659768e-01             6.331813e-09             3.120459e-01             -5.230478e-14           
 23              3.020119e+00             2.461570e-02             3.962448e+01             3.278928e-02             5.973791e-01             -1.804875e-01            1.103613e-01             8.980001e-04             1.643523e-04             7.494023e-06             5.184132e-06             1.075137e-03             1.061266e-07             -9.551394e-08            -2.569742e-11            2.312768e-11             2.961296e-01             3.948394e-05             6.480963e-04             8.641284e-08             3.940991e-04             1.167044e-04             2.961296e-01             6.575710e-09             3.120459e-01             -5.989741e-14           
 24              3.087078e+00             2.561006e-02             3.804715e+01             3.089137e-02             5.855363e-01             -1.733193e-01            1.038131e-01             7.974090e-04             1.459421e-04             6.396189e-06             4.424685e-06             9.542768e-04             1.048732e-07             -9.438592e-08            -2.489051e-11            2.240146e-11             3.296944e-01             4.395926e-05             7.071243e-04             9.428324e-08             3.940666e-04             1.299215e-04             3.296944e-01             6.823606e-09             3.120459e-01             -6.878980e-14           
 25              3.155391e+00             2.664460e-02             3.653106e+01             2.910359e-02             5.739336e-01             -1.664413e-01            9.766302e-02             7.080853e-04             1.295941e-04             5.459179e-06             3.776490e-06             8.470187e-04             1.036347e-07             -9.327122e-08            -2.410916e-11            2.169824e-11             3.670569e-01             4.894092e-05             7.715254e-04             1.028700e-07             3.940350e-04             1.446333e-04             3.670569e-01             7.076143e-09             3.120459e-01             -7.918673e-14           
 26              3.225086e+00             2.772092e-02             3.507383e+01             2.741951e-02             5.625659e-01             -1.598411e-01            9.182694e-02             6.287672e-04             1.150772e-04             4.659432e-06             3.223250e-06             7.518295e-04             1.024108e-07             -9.216968e-08            -2.335255e-11            2.101729e-11             4.086462e-01             5.448616e-05             8.417883e-04             1.122384e-07             3.940042e-04             1.610083e-04             4.086462e-01             7.333945e-09             3.120459e-01             -9.132462e-14           
 27              3.296189e+00             2.884074e-02             3.367318e+01             2.583311e-02             5.514282e-01             -1.535070e-01            8.639766e-02             5.583338e-04             1.021865e-04             3.976842e-06             2.751056e-06             6.673493e-04             1.012013e-07             -9.108115e-08            -2.261988e-11            2.035789e-11             4.549399e-01             6.065865e-05             9.184462e-04             1.224595e-07             3.939741e-04             1.792345e-04             4.549399e-01             7.597612e-09             3.120459e-01             -1.054765e-13           
 28              3.368727e+00             3.000579e-02             3.232690e+01             2.433869e-02             5.405157e-01             -1.474281e-01            8.129780e-02             4.957899e-04             9.073967e-05             3.394247e-06             2.348034e-06             5.923719e-04             1.000061e-07             -9.000546e-08            -2.191038e-11            1.971934e-11             5.064694e-01             6.752925e-05             1.002081e-03             1.336107e-07             3.939447e-04             1.995209e-04             5.064694e-01             7.867734e-09             3.120459e-01             -1.219575e-13           
 29              3.442731e+00             3.121792e-02             3.103289e+01             2.293092e-02             5.298236e-01             -1.415936e-01            7.645651e-02             4.402519e-04             8.057509e-05             2.896998e-06             2.004053e-06             5.258269e-04             9.882498e-08             -8.894248e-08            -2.122332e-11            1.910099e-11             5.638261e-01             7.517681e-05             1.093326e-03             1.457768e-07             3.939159e-04             2.221000e-04             5.638261e-01             8.144883e-09             3.120459e-01             -1.411313e-13           
 30              3.518228e+00             3.247901e-02             2.978912e+01             2.160474e-02             5.193473e-01             -1.359932e-01            7.195073e-02             3.909351e-04             7.154910e-05             2.472593e-06             1.710463e-06             4.667649e-04             9.765783e-08             -8.789204e-08            -2.055797e-11            1.850217e-11             6.276682e-01             8.368909e-05             1.192873e-03             1.590498e-07             3.938875e-04             2.472307e-04             6.276682e-01             8.429626e-09             3.120459e-01             -1.634182e-13           
 31              3.595247e+00             3.379105e-02             2.859363e+01             2.035543e-02             5.090823e-01             -1.306175e-01            6.771798e-02             3.471425e-04             6.353416e-05             2.110362e-06             1.459883e-06             4.143434e-04             9.650446e-08             -8.685401e-08            -1.991364e-11            1.792227e-11             6.987280e-01             9.316374e-05             1.301478e-03             1.735304e-07             3.938596e-04             2.752008e-04             6.987281e-01             8.722522e-09             3.120459e-01             -1.893027e-13           
 32              3.673820e+00             3.515610e-02             2.744456e+01             1.917851e-02             4.990241e-01             -1.254569e-01            6.369854e-02             3.082555e-04             5.641704e-05             1.801196e-06             1.246011e-06             3.678151e-04             9.536470e-08             -8.582823e-08            -1.928965e-11            1.736069e-11             7.778206e-01             1.037094e-04             1.419963e-03             1.893284e-07             3.938320e-04             3.063307e-04             7.778206e-01             9.024123e-09             3.120459e-01             -2.193446e-13           
 33              3.753977e+00             3.657630e-02             2.634010e+01             1.806977e-02             4.891685e-01             -1.205026e-01            5.995607e-02             2.737244e-04             5.009715e-05             1.537321e-06             1.063471e-06             3.265166e-04             9.423841e-08             -8.481457e-08            -1.868537e-11            1.681683e-11             8.658526e-01             1.154470e-04             1.549225e-03             2.065633e-07             3.938047e-04             3.409768e-04             8.658526e-01             9.334983e-09             3.120459e-01             -2.541900e-13           
 34              3.835748e+00             3.805388e-02             2.527853e+01             1.702526e-02             4.795112e-01             -1.157462e-01            5.644028e-02             2.430614e-04             4.448520e-05             1.312103e-06             9.076720e-07             2.898595e-04             9.312541e-08             -8.381287e-08            -1.810015e-11            1.629014e-11             9.638331e-01             1.285111e-04             1.690244e-03             2.253658e-07             3.937775e-04             3.795358e-04             9.638332e-01             9.655651e-09             3.120459e-01             -2.945842e-13           
 35              3.919166e+00             3.959116e-02             2.425817e+01             1.604125e-02             4.700483e-01             -1.111794e-01            5.310071e-02             2.158333e-04             3.950189e-05             1.119879e-06             7.746973e-07             2.573218e-04             9.202555e-08             -8.282300e-08            -1.753340e-11            1.578006e-11             1.072885e+00             1.430513e-04             1.844086e-03             2.458781e-07             3.937503e-04             4.224487e-04             1.072885e+00             9.986683e-09             3.120459e-01             -3.413882e-13           
 36              4.004264e+00             4.119054e-02             2.327742e+01             1.511423e-02             4.607756e-01             -1.067944e-01            4.999002e-02             1.916552e-04             3.507681e-05             9.558152e-07             6.612032e-07             2.284399e-04             9.093868e-08             -8.184481e-08            -1.698453e-11            1.528607e-11             1.194257e+00             1.592343e-04             2.011916e-03             2.682554e-07             3.937230e-04             4.702065e-04             1.194257e+00             1.032863e-08             3.120459e-01             -3.955953e-13           
 37              4.091074e+00             4.285454e-02             2.233475e+01             1.424089e-02             4.516894e-01             -1.025838e-01            4.706780e-02             1.701855e-04             3.114742e-05             8.157865e-07             5.643357e-07             2.028029e-04             8.986464e-08             -8.087818e-08            -1.645296e-11            1.480766e-11             1.329340e+00             1.772453e-04             2.195002e-03             2.926669e-07             3.936954e-04             5.233550e-04             1.329340e+00             1.068207e-08             3.120458e-01             -4.583521e-13           
 38              4.179631e+00             4.458577e-02             2.142868e+01             1.341811e-02             4.427858e-01             -9.854045e-02            4.429137e-02             1.511208e-04             2.765819e-05             6.962719e-07             4.816592e-07             1.800457e-04             8.880328e-08             -7.992295e-08            -1.593815e-11            1.434434e-11             1.479679e+00             1.972905e-04             2.394728e-03             3.192971e-07             3.936675e-04             5.825015e-04             1.479679e+00             1.104755e-08             3.120458e-01             -5.309822e-13           
 39              4.269968e+00             4.638694e-02             2.055779e+01             1.264297e-02             4.340611e-01             -9.465735e-02            4.170421e-02             1.341917e-04             2.455983e-05             5.942660e-07             4.110947e-07             1.598447e-04             8.775445e-08             -7.897901e-08            -1.543957e-11            1.389562e-11             1.646995e+00             2.195993e-04             2.612603e-03             3.483470e-07             3.936392e-04             6.483217e-04             1.646995e+00             1.142566e-08             3.120458e-01             -6.150131e-13           
 40              4.362121e+00             4.826089e-02             1.972071e+01             1.191270e-02             4.255117e-01             -9.092812e-02            3.927401e-02             1.191591e-04             2.180854e-05             5.072040e-07             3.508680e-07             1.419124e-04             8.671801e-08             -7.804621e-08            -1.495671e-11            1.346104e-11             1.833201e+00             2.444268e-04             2.850270e-03             3.800360e-07             3.936101e-04             7.215667e-04             1.833201e+00             1.181699e-08             3.120458e-01             -7.122079e-13           
 41              4.456125e+00             5.021054e-02             1.891614e+01             1.122470e-02             4.171341e-01             -8.734638e-02            3.696456e-02             1.058104e-04             1.936546e-05             4.328966e-07             2.994644e-07             1.259939e-04             8.569380e-08             -7.712442e-08            -1.448906e-11            1.304016e-11             2.040428e+00             2.720570e-04             3.109523e-03             4.146030e-07             3.935803e-04             8.030720e-04             2.040428e+00             1.222214e-08             3.120458e-01             -8.246015e-13           
 42              4.552018e+00             5.223897e-02             1.814280e+01             1.057652e-02             4.089248e-01             -8.390603e-02            3.481177e-02             9.395701e-05             1.719605e-05             3.694753e-07             2.555915e-07             1.118628e-04             8.468169e-08             -7.621352e-08            -1.403616e-11            1.263254e-11             2.271041e+00             3.028055e-04             3.392313e-03             4.523084e-07             3.935494e-04             8.937670e-04             2.271041e+00             1.264171e-08             3.120458e-01             -9.545426e-13           
 43              4.649835e+00             5.434935e-02             1.739948e+01             9.965857e-03             4.008806e-01             -8.060145e-02            3.278984e-02             8.343147e-05             1.526966e-05             3.153453e-07             2.181461e-07             9.931830e-05             8.368152e-08             -7.531337e-08            -1.359752e-11            1.223777e-11             2.527677e+00             3.370236e-04             3.700770e-03             4.934360e-07             3.935173e-04             9.946846e-04             2.527677e+00             1.307633e-08             3.120458e-01             -1.104742e-12           
 44              4.749615e+00             5.654500e-02             1.668503e+01             9.390533e-03             3.929981e-01             -7.742700e-02            3.086807e-02             7.408501e-05             1.355907e-05             2.691454e-07             1.861864e-07             8.818210e-05             8.269317e-08             -7.442385e-08            -1.317272e-11            1.185544e-11             2.813264e+00             3.751018e-04             4.037214e-03             5.382951e-07             3.934837e-04             1.106974e-03             2.813264e+00             1.352665e-08             3.120458e-01             -1.278327e-12           
 45              4.851397e+00             5.882936e-02             1.599831e+01             8.848503e-03             3.852742e-01             -7.437732e-02            2.907603e-02             6.578556e-05             1.204010e-05             2.297139e-07             1.589089e-07             7.829600e-05             8.171648e-08             -7.354483e-08            -1.276130e-11            1.148517e-11             3.131060e+00             4.174746e-04             4.404169e-03             5.872226e-07             3.934485e-04             1.231911e-03             3.131060e+00             1.399332e-08             3.120458e-01             -1.478909e-12           
 46              4.955219e+00             6.120602e-02             1.533826e+01             8.337839e-03             3.777058e-01             -7.144746e-02            2.739327e-02             5.841583e-05             1.069129e-05             1.960592e-07             1.356277e-07             6.951956e-05             8.075132e-08             -7.267619e-08            -1.236285e-11            1.112656e-11             3.484688e+00             4.646251e-04             4.804390e-03             6.405853e-07             3.934113e-04             1.370916e-03             3.484688e+00             1.447701e-08             3.120458e-01             -1.710654e-12           
 47              5.061122e+00             6.367871e-02             1.470384e+01             7.856726e-03             3.702899e-01             -6.863244e-02            2.579366e-02             5.187167e-05             9.493575e-06             1.673350e-07             1.157572e-07             6.172814e-05             7.979756e-08             -7.181780e-08            -1.197696e-11            1.077927e-11             3.878178e+00             5.170904e-04             5.240872e-03             6.987829e-07             3.933719e-04             1.525566e-03             3.878178e+00             1.497841e-08             3.120457e-01             -1.978370e-12           
 48              5.169145e+00             6.625131e-02             1.409404e+01             7.403453e-03             3.630235e-01             -6.592753e-02            2.430157e-02             4.606061e-05             8.430031e-06             1.428190e-07             9.879776e-08             5.481111e-05             7.885506e-08             -7.096955e-08            -1.160325e-11            1.044292e-11             4.316008e+00             5.754677e-04             5.716878e-03             7.622504e-07             3.933298e-04             1.697615e-03             4.316008e+00             1.549823e-08             3.120457e-01             -2.287606e-12           
 49              5.279331e+00             6.892785e-02             1.350792e+01             6.976410e-03             3.559039e-01             -6.332835e-02            2.290084e-02             4.090052e-05             7.485629e-06             1.218947e-07             8.432298e-08             4.867029e-05             7.792368e-08             -7.013132e-08            -1.124132e-11            1.011719e-11             4.803157e+00             6.404210e-04             6.235962e-03             8.314616e-07             3.932849e-04             1.889009e-03             4.803158e+00             1.603721e-08             3.120457e-01             -2.644761e-12           
 50              5.391721e+00             7.171254e-02             1.294456e+01             6.574078e-03             3.489282e-01             -6.083051e-02            2.156924e-02             3.631848e-05             6.647022e-06             1.040359e-07             7.196882e-08             4.321851e-05             7.700330e-08             -6.930297e-08            -1.089082e-11            9.801739e-12             5.345162e+00             7.126882e-04             6.801988e-03             9.069317e-07             3.932366e-04             2.101913e-03             5.345162e+00             1.659609e-08             3.120457e-01             -3.057223e-12           
 51              5.506358e+00             7.460976e-02             1.240307e+01             6.195031e-03             3.420937e-01             -5.842982e-02            2.032679e-02             3.224973e-05             5.902359e-06             8.879353e-08             6.142460e-08             3.837840e-05             7.609379e-08             -6.848441e-08            -1.055139e-11            9.496248e-12             5.948173e+00             7.930897e-04             7.419162e-03             9.892216e-07             3.931845e-04             2.338729e-03             5.948173e+00             1.717565e-08             3.120457e-01             -3.533513e-12           
 52              5.623285e+00             7.762404e-02             1.188261e+01             5.837919e-03             3.353979e-01             -5.612241e-02            1.916082e-02             2.863678e-05             5.241116e-06             7.578422e-08             5.242517e-08             3.408130e-05             7.519501e-08             -6.767551e-08            -1.022268e-11            9.200409e-12             6.619026e+00             8.825368e-04             8.092057e-03             1.078941e-06             3.931281e-04             2.602125e-03             6.619027e+00             1.777666e-08             3.120457e-01             -4.083460e-12           
 53              5.742546e+00             8.076013e-02             1.138235e+01             5.501477e-03             3.288382e-01             -5.390439e-02            1.805240e-02             2.542857e-05             4.653947e-06             6.468086e-08             4.474420e-08             3.026625e-05             7.430684e-08             -6.687616e-08            -9.904359e-12            8.913923e-12             7.365317e+00             9.820422e-04             8.825647e-03             1.176753e-06             3.930669e-04             2.895063e-03             7.365318e+00             1.839996e-08             3.120457e-01             -4.718402e-12           
 54              5.864186e+00             8.402295e-02             1.090151e+01             5.184509e-03             3.224123e-01             -5.177204e-02            1.701793e-02             2.257976e-05             4.132556e-06             5.520421e-08             3.818855e-08             2.687913e-05             7.342915e-08             -6.608624e-08            -9.596112e-12            8.636501e-12             8.195482e+00             1.092731e-03             9.625335e-03             1.283378e-06             3.930003e-04             3.220828e-03             8.195484e+00             1.904636e-08             3.120456e-01             -5.451417e-12           
 55              5.988251e+00             8.741762e-02             1.043934e+01             4.885890e-03             3.161176e-01             -4.972194e-02            1.604761e-02             2.005008e-05             3.669573e-06             4.711595e-08             3.259335e-08             2.387192e-05             7.256183e-08             -6.530564e-08            -9.297627e-12            8.367865e-12             9.118892e+00             1.215852e-03             1.049699e-02             1.399599e-06             3.929277e-04             3.583066e-03             9.118894e+00             1.971674e-08             3.120456e-01             -6.297582e-12           
 56              6.114786e+00             9.094948e-02             9.995116e+00             4.604561e-03             3.099520e-01             -4.775063e-02            1.512523e-02             1.780379e-05             3.258456e-06             4.021268e-08             2.781788e-08             2.120198e-05             7.170473e-08             -6.453426e-08            -9.008604e-12            8.107743e-12             1.014595e+01             1.352793e-03             1.144699e-02             1.526265e-06             3.928482e-04             3.985819e-03             1.014595e+01             2.041195e-08             3.120456e-01             -7.274280e-12           
 57              6.243839e+00             9.462407e-02             9.568136e+00             4.339522e-03             3.039132e-01             -4.585481e-02            1.426424e-02             1.580914e-05             2.893395e-06             3.432080e-08             2.374206e-08             1.883145e-05             7.085776e-08             -6.377198e-08            -8.728753e-12            7.855877e-12             1.128820e+01             1.505094e-03             1.248224e-02             1.664298e-06             3.927611e-04             4.433569e-03             1.128821e+01             2.113291e-08             3.120456e-01             -8.401556e-12           
 58              6.375455e+00             9.844717e-02             9.157733e+00             4.089834e-03             2.979991e-01             -4.403142e-02            1.345713e-02             1.403794e-05             2.569229e-06             2.929213e-08             2.026338e-08             1.672674e-05             7.002078e-08             -6.301870e-08            -8.457794e-12            7.612015e-12             1.255847e+01             1.674463e-03             1.361024e-02             1.814699e-06             3.926656e-04             4.931281e-03             1.255848e+01             2.188053e-08             3.120456e-01             -9.702501e-12           
 59              6.509684e+00             1.024248e-01             8.763262e+00             3.854611e-03             2.922077e-01             -4.227739e-02            1.269004e-02             1.246516e-05             2.281379e-06             2.500021e-08             1.729437e-08             1.485803e-05             6.919367e-08             -6.227430e-08            -8.195458e-12            7.375912e-12             1.397097e+01             1.862796e-03             1.483913e-02             1.978551e-06             3.925605e-04             5.484453e-03             1.397097e+01             2.265574e-08             3.120456e-01             -1.120372e-11           
 60              6.646573e+00             1.065632e-01             8.384105e+00             3.633018e-03             2.865370e-01             -4.058978e-02            1.197392e-02             1.106857e-05             2.025775e-06             2.133710e-08             1.476034e-08             1.319882e-05             6.837632e-08             -6.153869e-08            -7.941485e-12            7.147336e-12             1.554146e+01             2.072195e-03             1.617769e-02             2.157026e-06             3.924449e-04             6.099169e-03             1.554147e+01             2.345950e-08             3.120455e-01             -1.293588e-11           
 61              6.786171e+00             1.108688e-01             8.019668e+00             3.424270e-03             2.809852e-01             -3.896586e-02            1.130316e-02             9.828440e-06             1.798805e-06             1.821067e-08             1.259758e-08             1.172562e-05             6.756862e-08             -6.081176e-08            -7.695622e-12            6.926060e-12             1.728743e+01             2.304991e-03             1.763545e-02             2.351394e-06             3.923174e-04             6.782162e-03             1.728744e+01             2.429277e-08             3.120455e-01             -1.493425e-11           
 62              6.928527e+00             1.153485e-01             7.669377e+00             3.227625e-03             2.755505e-01             -3.740288e-02            1.066585e-02             8.727235e-06             1.597262e-06             1.554231e-08             1.075168e-08             1.041756e-05             6.677044e-08             -6.009340e-08            -7.457627e-12            6.711864e-12             1.922823e+01             2.563765e-03             1.922269e-02             2.563026e-06             3.921768e-04             7.540871e-03             1.922824e+01             2.515654e-08             3.120455e-01             -1.723946e-11           
 63              7.073691e+00             1.200093e-01             7.332685e+00             3.042387e-03             2.702312e-01             -3.589821e-02            1.007090e-02             7.749395e-06             1.418297e-06             1.326489e-08             9.176237e-09             9.256116e-06             6.598168e-08             -5.938351e-08            -7.227267e-12            6.504540e-12             2.138532e+01             2.851377e-03             2.095052e-02             2.793402e-06             3.920215e-04             8.383513e-03             2.138534e+01             2.605180e-08             3.120455e-01             -1.989825e-11           
 64              7.221712e+00             1.248586e-01             7.009061e+00             2.867898e-03             2.650257e-01             -3.444940e-02            9.514230e-03             6.881100e-06             1.259382e-06             1.132114e-08             7.831615e-09             8.224837e-06             6.520222e-08             -5.868200e-08            -7.004315e-12            6.303883e-12             2.378244e+01             3.170992e-03             2.283090e-02             3.044119e-06             3.918500e-04             9.319153e-03             2.378245e+01             2.697953e-08             3.120454e-01             -2.296436e-11           
 65              7.372641e+00             1.299039e-01             6.698000e+00             2.703539e-03             2.599326e-01             -3.305398e-02            8.985574e-03             6.110078e-06             1.118269e-06             9.662189e-09             6.684001e-09             7.309125e-06             6.443195e-08             -5.798875e-08            -6.788554e-12            6.109699e-12             2.644583e+01             3.526110e-03             2.487672e-02             3.316895e-06             3.916603e-04             1.035779e-02             2.644584e+01             2.794074e-08             3.120454e-01             -2.649957e-11           
 66              7.526527e+00             1.351532e-01             6.399013e+00             2.548729e-03             2.549505e-01             -3.170958e-02            8.492144e-03             5.425432e-06             9.929647e-07             8.246296e-09             5.704531e-09             6.496018e-06             6.367076e-08             -5.730368e-08            -6.579776e-12            5.921799e-12             2.940452e+01             3.920602e-03             2.710183e-02             3.613577e-06             3.914506e-04             1.151042e-02             2.940454e+01             2.893641e-08             3.120454e-01             -3.057483e-11           
 67              7.683420e+00             1.406147e-01             6.111630e+00             2.402917e-03             2.500781e-01             -3.041400e-02            8.031119e-03             4.817486e-06             8.816982e-07             7.037857e-09             4.868570e-09             5.774009e-06             6.291854e-08             -5.662669e-08            -6.377779e-12            5.740001e-12             3.269057e+01             4.358742e-03             2.952110e-02             3.936147e-06             3.912184e-04             1.278916e-02             3.269059e+01             2.996753e-08             3.120454e-01             -3.527154e-11           
 68              7.843370e+00             1.462972e-01             5.835401e+00             2.265586e-03             2.453141e-01             -2.916500e-02            7.593627e-03             4.277647e-06             7.828967e-07             6.006477e-09             4.155093e-09             5.132881e-06             6.217519e-08             -5.595767e-08            -6.182369e-12            5.564132e-12             3.633935e+01             4.845247e-03             3.215044e-02             4.286726e-06             3.909616e-04             1.420730e-02             3.633939e+01             3.103503e-08             3.120453e-01             -4.068318e-11           
 69              8.006427e+00             1.522095e-01             5.569892e+00             2.136250e-03             2.406577e-01             -2.796044e-02            7.185448e-03             3.798286e-06             6.951639e-07             5.126215e-09             3.546156e-09             4.563563e-06             6.144059e-08             -5.529653e-08            -5.993361e-12            5.394025e-12             4.038988e+01             5.385317e-03             3.500685e-02             4.667581e-06             3.906772e-04             1.577942e-02             4.038992e+01             3.213986e-08             3.120453e-01             -4.691677e-11           
 70              8.172638e+00             1.583610e-01             5.314687e+00             2.014449e-03             2.361078e-01             -2.679830e-02            6.804825e-03             3.372629e-06             6.172598e-07             4.374931e-09             3.026441e-09             4.058004e-06             6.071464e-08             -5.464318e-08            -5.810575e-12            5.229518e-12             4.488510e+01             5.984680e-03             3.810844e-02             5.081126e-06             3.903624e-04             1.752147e-02             4.488515e+01             3.328286e-08             3.120453e-01             -5.409441e-11           
 71              8.342052e+00             1.647613e-01             5.069385e+00             1.899751e-03             2.316637e-01             -2.567656e-02            6.444038e-03             2.994657e-06             5.480834e-07             3.733728e-09             2.582877e-09             3.609055e-06             5.999724e-08             -5.399752e-08            -5.633841e-12            5.070457e-12             4.987227e+01             6.649636e-03             4.147445e-02             5.529927e-06             3.900139e-04             1.945090e-02             4.987233e+01             3.446484e-08             3.120453e-01             -6.235546e-11           
 72              8.514716e+00             1.714207e-01             4.833602e+00             1.791750e-03             2.273247e-01             -2.459326e-02            6.107671e-03             2.659031e-06             4.866569e-07             3.186479e-09             2.204307e-09             3.210367e-06             5.928829e-08             -5.335946e-08            -5.462994e-12            4.916695e-12             5.540329e+01             7.387105e-03             4.512524e-02             6.016698e-06             3.896280e-04             2.158671e-02             5.540337e+01             3.568650e-08             3.120452e-01             -7.185874e-11           
 73              8.690676e+00             1.783496e-01             4.606967e+00             1.690061e-03             2.230901e-01             -2.354654e-02            5.794871e-03             2.361005e-06             4.321121e-07             2.719417e-09             1.881208e-09             2.856306e-06             5.858768e-08             -5.272891e-08            -5.297877e-12            4.768090e-12             6.153509e+01             8.204679e-03             4.908227e-02             6.544303e-06             3.892010e-04             2.394956e-02             6.153520e+01             3.694842e-08             3.120452e-01             -8.278556e-11           
 74              8.869975e+00             1.855589e-01             4.389124e+00             1.594324e-03             2.189598e-01             -2.253454e-02            5.498875e-03             2.096368e-06             3.836782e-07             2.320794e-09             1.605453e-09             2.541868e-06             5.789531e-08             -5.210577e-08            -5.138341e-12            4.624507e-12             6.833003e+01             9.110671e-03             5.336809e-02             7.115746e-06             3.887284e-04             2.656187e-02             6.833016e+01             3.825108e-08             3.120452e-01             -9.533753e-11           
 75              9.052657e+00             1.930602e-01             4.179732e+00             1.504198e-03             2.149333e-01             -2.155544e-02            5.223255e-03             1.861380e-06             3.406705e-07             1.980583e-09             1.370106e-09             2.262612e-06             5.721107e-08             -5.148997e-08            -4.984241e-12            4.485817e-12             7.585624e+01             1.011416e-02             5.800622e-02             7.734162e-06             3.882056e-04             2.944788e-02             7.585639e+01             3.959479e-08             3.120451e-01             -1.097512e-10           
 76              9.238762e+00             2.008652e-01             3.978463e+00             1.419364e-03             2.110107e-01             -2.060752e-02            4.967947e-03             1.652718e-06             3.024811e-07             1.690226e-09             1.169246e-09             2.014593e-06             5.653488e-08             -5.088139e-08            -4.835442e-12            4.351898e-12             8.418802e+01             1.122507e-02             6.302105e-02             8.402807e-06             3.876275e-04             3.263366e-02             8.418821e+01             4.097966e-08             3.120451e-01             -1.262874e-10           
 77              9.428325e+00             2.089865e-01             3.784999e+00             1.339519e-03             2.071920e-01             -1.968906e-02            4.726973e-03             1.467434e-06             2.685704e-07             1.442418e-09             9.978201e-10             1.794311e-06             5.586663e-08             -5.027996e-08            -4.691813e-12            4.222632e-12             9.340625e+01             1.245417e-02             6.843772e-02             9.125030e-06             3.869884e-04             3.614722e-02             9.340648e+01             4.240559e-08             3.120450e-01             -1.452414e-10           
 78              9.621383e+00             2.174368e-01             3.599038e+00             1.264380e-03             2.034776e-01             -1.879833e-02            4.503044e-03             1.302909e-06             2.384589e-07             1.230926e-09             8.515160e-10             1.598656e-06             5.520622e-08             -4.968560e-08            -4.553232e-12            4.097909e-12             1.035987e+02             1.381316e-02             7.428189e-02             9.904252e-06             3.862823e-04             4.001844e-02             1.035990e+02             4.387225e-08             3.120450e-01             -1.669443e-10           
 79              9.817965e+00             2.262296e-01             3.420287e+00             1.193678e-03             1.998678e-01             -1.793373e-02            4.296809e-03             1.156817e-06             2.117211e-07             1.050427e-09             7.266527e-10             1.424868e-06             5.455355e-08             -4.909820e-08            -4.419582e-12            3.977623e-12             1.148602e+02             1.531469e-02             8.057946e-02             1.074393e-05             3.855027e-04             4.427905e-02             1.148605e+02             4.537901e-08             3.120450e-01             -1.917727e-10           
 80              1.001810e+01             2.353790e-01             3.248467e+00             1.127163e-03             1.963634e-01             -1.709360e-02            4.102921e-03             1.027093e-06             1.879790e-07             8.963814e-10             6.200887e-10             1.270497e-06             5.390854e-08             -4.851769e-08            -4.290752e-12            3.861676e-12             1.272932e+02             1.697243e-02             8.735626e-02             1.164750e-05             3.846425e-04             4.896254e-02             1.272936e+02             4.692496e-08             3.120449e-01             -2.201432e-10           
 81              1.022180e+01             2.448996e-01             3.083307e+00             1.064597e-03             1.929652e-01             -1.627632e-02            3.923353e-03             9.119038e-07             1.668970e-07             7.649127e-10             5.291428e-10             1.133366e-06             5.327108e-08             -4.794397e-08            -4.166638e-12            3.749975e-12             1.410076e+02             1.880102e-02             9.463763e-02             1.261835e-05             3.836942e-04             5.410400e-02             1.410082e+02             4.850892e-08             3.120449e-01             -2.525250e-10           
 82              1.042909e+01             2.548064e-01             2.924548e+00             1.005755e-03             1.896744e-01             -1.548032e-02            3.759418e-03             8.096210e-07             1.481772e-07             6.527129e-10             4.515265e-10             1.011544e-06             5.264108e-08             -4.737697e-08            -4.047145e-12            3.642430e-12             1.561210e+02             2.081614e-02             1.024479e-01             1.365972e-05             3.826495e-04             5.973989e-02             1.561217e+02             5.012902e-08             3.120448e-01             -2.894505e-10           
 83              1.063998e+01             2.651156e-01             2.771940e+00             9.504285e-04             1.864922e-01             -1.470402e-02            3.606275e-03             7.187988e-07             1.315549e-07             5.569587e-10             3.852867e-10             9.033144e-07             5.201844e-08             -4.681660e-08            -3.932179e-12            3.538961e-12             1.727586e+02             2.303448e-02             1.108097e-01             1.477463e-05             3.815000e-04             6.590770e-02             1.727594e+02             5.178303e-08             3.120448e-01             -3.314464e-10           
 84              1.085447e+01             2.758434e-01             2.625245e+00             8.984183e-04             1.834202e-01             -1.394583e-02            3.465245e-03             6.381533e-07             1.167951e-07             4.752403e-10             3.287564e-10             8.071555e-07             5.140307e-08             -4.626277e-08            -3.821656e-12            3.439491e-12             1.910527e+02             2.547369e-02             1.197434e-01             1.596579e-05             3.802364e-04             7.264555e-02             1.910537e+02             5.346824e-08             3.120447e-01             -3.791445e-10           
 85              1.107254e+01             2.870073e-01             2.484232e+00             8.495379e-04             1.804603e-01             -1.320422e-02            3.338299e-03             5.665445e-07             1.036892e-07             4.055010e-10             2.805129e-10             7.217146e-07             5.079489e-08             -4.571540e-08            -3.715498e-12            3.343948e-12             2.111425e+02             2.815234e-02             1.292661e-01             1.723548e-05             3.788492e-04             7.999163e-02             2.111437e+02             5.518093e-08             3.120447e-01             -4.332369e-10           
 86              1.129420e+01             2.986252e-01             2.348679e+00             8.036113e-04             1.776145e-01             -1.247761e-02            3.220980e-03             5.029601e-07             9.205195e-08             3.459855e-10             2.393420e-10             6.457911e-07             5.019378e-08             -4.517441e-08            -3.613630e-12            3.252267e-12             2.331735e+02             3.108980e-02             1.393908e-01             1.858544e-05             3.773284e-04             8.798351e-02             2.331749e+02             5.691698e-08             3.120446e-01             -4.943449e-10           
 87              1.151941e+01             3.107159e-01             2.218374e+00             7.604728e-04             1.748853e-01             -1.176442e-02            3.114029e-03             4.465011e-07             8.171880e-08             2.951956e-10             2.042071e-10             5.783189e-07             4.959968e-08             -4.463971e-08            -3.515987e-12            3.164389e-12             2.572958e+02             3.430610e-02             1.501251e-01             2.001668e-05             3.756635e-04             9.665730e-02             2.572976e+02             5.867129e-08             3.120446e-01             -5.632861e-10           
 88              1.174813e+01             3.232990e-01             2.093112e+00             7.199664e-04             1.722751e-01             -1.106311e-02            3.020100e-03             3.963693e-07             7.254368e-08             2.518527e-10             1.742238e-10             5.183516e-07             4.901247e-08             -4.411122e-08            -3.422507e-12            3.080257e-12             2.836635e+02             3.782180e-02             1.614701e-01             2.152934e-05             3.738440e-04             1.060467e-01             2.836656e+02             6.043796e-08             3.120445e-01             -6.407902e-10           
 89              1.198032e+01             3.363948e-01             1.972697e+00             6.819447e-04             1.697870e-01             -1.037208e-02            2.935009e-03             3.518561e-07             6.439685e-08             2.148655e-10             1.486372e-10             4.650485e-07             4.843208e-08             -4.358887e-08            -3.333134e-12            2.999821e-12             3.124324e+02             4.165765e-02             1.734190e-01             2.312254e-05             3.718592e-04             1.161818e-01             3.124350e+02             6.221033e-08             3.120445e-01             -7.276599e-10           
 90              1.221590e+01             3.500248e-01             1.856940e+00             6.462690e-04             1.674242e-01             -9.689709e-03            2.858972e-03             3.123320e-07             5.716313e-08             1.833026e-10             1.268030e-10             4.176637e-07             4.785841e-08             -4.307257e-08            -3.247818e-12            2.923036e-12             3.437580e+02             4.583440e-02             1.859559e-01             2.479412e-05             3.696983e-04             1.270879e-01             3.437611e+02             6.398081e-08             3.120444e-01             -8.247679e-10           
 91              1.245482e+01             3.642112e-01             1.745660e+00             6.128086e-04             1.651902e-01             -9.014395e-03            2.795380e-03             2.772382e-07             5.074025e-08             1.563690e-10             1.081712e-10             3.755343e-07             4.729137e-08             -4.256223e-08            -3.166513e-12            2.849862e-12             3.777926e+02             5.037235e-02             1.990539e-01             2.654053e-05             3.673509e-04             1.387839e-01             3.777964e+02             6.574080e-08             3.120444e-01             -9.329235e-10           
 92              1.269696e+01             3.789773e-01             1.638681e+00             5.814398e-04             1.630887e-01             -8.344484e-03            2.740232e-03             2.460784e-07             4.503736e-08             1.333863e-10             9.227247e-11             3.380723e-07             4.673088e-08             -4.205779e-08            -3.089180e-12            2.780262e-12             4.146824e+02             5.529099e-02             2.126741e-01             2.835654e-05             3.648068e-04             1.512806e-01             4.146870e+02             6.748081e-08             3.120443e-01             -1.052892e-09           
 93              1.294223e+01             3.943473e-01             1.535836e+00             5.520463e-04             1.611241e-01             -7.678273e-03            2.693630e-03             2.184119e-07             3.997384e-08             1.137754e-10             7.870628e-11             3.047551e-07             4.617684e-08             -4.155916e-08            -3.015781e-12            2.714203e-12             4.545634e+02             6.060846e-02             2.267636e-01             3.023515e-05             3.620567e-04             1.645797e-01             4.545689e+02             6.919019e-08             3.120442e-01             -1.185476e-09           
 94              1.319048e+01             4.103466e-01             1.436964e+00             5.245179e-04             1.593005e-01             -7.014039e-03            2.658649e-03             1.938476e-07             3.547806e-08             9.704214e-11             6.713073e-11             2.751190e-07             4.562918e-08             -4.106626e-08            -2.946287e-12            2.651658e-12             4.975575e+02             6.634100e-02             2.412549e-01             3.216732e-05             3.590922e-04             1.786714e-01             4.975641e+02             7.085737e-08             3.120442e-01             -1.331214e-09           
 95              1.344158e+01             4.270017e-01             1.341911e+00             4.987506e-04             1.576228e-01             -6.350021e-03            2.632538e-03             1.720379e-07             3.148644e-08             8.276472e-11             5.725405e-11             2.487521e-07             4.508779e-08             -4.057902e-08            -2.880669e-12            2.592602e-12             5.437678e+02             7.250237e-02             2.560643e-01             3.414191e-05             3.559061e-04             1.935331e-01             5.437757e+02             7.246961e-08             3.120441e-01             -1.490652e-09           
 96              1.369535e+01             4.443403e-01             1.250527e+00             4.746459e-04             1.560959e-01             -5.684379e-03            2.615148e-03             1.526742e-07             2.794250e-08             7.058312e-11             4.882721e-11             2.252888e-07             4.455261e-08             -4.009735e-08            -2.818902e-12            2.537012e-12             5.932734e+02             7.910312e-02             2.710915e-01             3.614553e-05             3.524931e-04             2.091281e-01             5.932828e+02             7.401312e-08             3.120441e-01             -1.663980e-09           
 97              1.395161e+01             4.623913e-01             1.162670e+00             4.521109e-04             1.547250e-01             -5.015225e-03            2.608693e-03             1.354828e-07             2.479611e-08             6.019013e-11             4.163765e-11             2.044042e-07             4.402354e-08             -3.962119e-08            -2.760965e-12            2.484868e-12             6.461247e+02             8.614996e-02             2.862194e-01             3.816258e-05             3.488497e-04             2.254043e-01             6.461358e+02             7.547343e-08             3.120440e-01             -1.851083e-09           
 98              1.421013e+01             4.811848e-01             1.078204e+00             4.310571e-04             1.535157e-01             -4.340622e-03            2.612289e-03             1.202202e-07             2.200274e-08             5.132349e-11             3.550400e-11             1.858102e-07             4.350051e-08             -3.915046e-08            -2.706838e-12            2.436154e-12             7.023377e+02             9.364502e-02             3.013141e-01             4.017522e-05             3.449748e-04             2.422933e-01             7.023508e+02             7.683527e-08             3.120439e-01             -2.051833e-09           
 99              1.447069e+01             5.007524e-01             9.969949e-01             4.114009e-04             1.524735e-01             -3.658533e-03            2.625339e-03             1.066704e-07             1.952286e-08             4.375943e-11             3.027141e-11             1.692507e-07             4.298342e-08             -3.868508e-08            -2.656504e-12            2.390854e-12             7.618891e+02             1.015852e-01             3.162266e-01             4.216355e-05             3.408699e-04             2.597103e-01             7.619046e+02             7.808299e-08             3.120439e-01             -2.265438e-09           
 100             1.473303e+01             5.211270e-01             9.189180e-01             3.930627e-04             1.516043e-01             -2.966842e-03            2.649278e-03             9.464164e-08             1.732135e-08             3.730693e-11             2.580777e-11             1.544983e-07             4.247221e-08             -3.822499e-08            -2.609946e-12            2.348951e-12             8.247120e+02             1.099616e-01             3.307940e-01             4.410587e-05             3.365397e-04             2.775544e-01             8.247302e+02             7.920078e-08             3.120438e-01             -2.491039e-09           
 101             1.499687e+01             5.423430e-01             8.438516e-01             3.759670e-04             1.509141e-01             -2.263362e-03            2.685152e-03             8.396356e-08             1.536705e-08             3.180297e-11             2.200030e-11             1.413512e-07             4.196678e-08             -3.777010e-08            -2.567147e-12            2.310432e-12             8.906918e+02             1.187589e-01             3.448426e-01             4.597901e-05             3.319921e-04             2.957096e-01             8.907129e+02             8.017236e-08             3.120437e-01             -2.727244e-09           
 102             1.526193e+01             5.644363e-01             7.716791e-01             3.600418e-04             1.504090e-01             -1.545788e-03            2.731927e-03             7.448489e-08             1.363226e-08             2.710841e-11             1.875276e-11             1.296301e-07             4.146708e-08             -3.732037e-08            -2.528090e-12            2.275281e-12             9.596632e+02             1.279551e-01             3.581910e-01             4.775881e-05             3.272384e-04             3.140467e-01             9.596878e+02             8.098227e-08             3.120437e-01             -2.971528e-09           
 103             1.552787e+01             5.874443e-01             7.022890e-01             3.452185e-04             1.500952e-01             -8.116994e-04            2.790339e-03             6.607130e-08             1.209240e-08             2.310452e-11             1.598299e-11             1.191758e-07             4.097301e-08             -3.687571e-08            -2.492757e-12            2.243481e-12             1.031409e+03             1.375212e-01             3.706552e-01             4.942070e-05             3.222937e-04             3.324259e-01             1.031438e+03             8.161576e-08             3.120436e-01             -3.222144e-09           
 104             1.579436e+01             6.114062e-01             6.355739e-01             3.314317e-04             1.499788e-01             -5.857051e-05            2.863422e-03             5.860350e-08             1.072564e-08             1.968995e-11             1.362089e-11             1.098470e-07             4.048452e-08             -3.643606e-08            -2.461127e-12            2.215014e-12             1.105661e+03             1.474215e-01             3.820528e-01             5.094037e-05             3.171764e-04             3.507001e-01             1.105694e+03             8.205941e-08             3.120435e-01             -3.476393e-09           
 105             1.606107e+01             6.363626e-01             5.714311e-01             3.186189e-04             1.500660e-01             7.162548e-04             2.949829e-03             5.197554e-08             9.512585e-09             1.677819e-11             1.160663e-11             1.015180e-07             4.000152e-08             -3.600137e-08            -2.433179e-12            2.189861e-12             1.182101e+03             1.576135e-01             3.922088e-01             5.229450e-05             3.119085e-04             3.687190e-01             1.182138e+03             8.230126e-08             3.120435e-01             -3.731757e-09           
 106             1.632762e+01             6.623561e-01             5.097618e-01             3.067206e-04             1.503628e-01             1.515591e-03             3.050606e-03             4.609336e-08             8.436025e-09             1.429544e-11             9.889142e-12             9.407752e-08             3.952396e-08             -3.557156e-08            -2.408886e-12            2.167997e-12             1.260363e+03             1.680485e-01             4.009615e-01             5.346153e-05             3.065151e-04             3.863335e-01             1.260406e+03             8.233152e-08             3.120434e-01             -3.985178e-09           
 107             1.659364e+01             6.894310e-01             4.504714e-01             2.956796e-04             1.508753e-01             2.342403e-03             3.167942e-03             4.087338e-08             7.480662e-09             1.217869e-11             8.424838e-12             8.742641e-08             3.905176e-08             -3.514659e-08            -2.388218e-12            2.149397e-12             1.340045e+03             1.786726e-01             4.081679e-01             5.442238e-05             3.010241e-04             4.034002e-01             1.340093e+03             8.214271e-08             3.120433e-01             -4.234386e-09           
 108             1.685876e+01             7.176334e-01             3.934691e-01             2.854413e-04             1.516092e-01             3.199807e-03             3.303322e-03             3.624140e-08             6.632916e-09             1.037417e-11             7.176524e-12             8.147674e-08             3.858487e-08             -3.472639e-08            -2.371144e-12            2.134029e-12             1.420708e+03             1.894277e-01             4.137091e-01             5.516121e-05             2.954655e-04             4.197860e-01             1.420761e+03             8.173014e-08             3.120433e-01             -4.477157e-09           
 109             1.712260e+01             7.470114e-01             3.386676e-01             2.759537e-04             1.525701e-01             4.091116e-03             3.457162e-03             3.213152e-08             5.880723e-09             8.835982e-12             6.112457e-12             7.615042e-08             3.812323e-08             -3.431091e-08            -2.357623e-12            2.121861e-12             1.501892e+03             2.002522e-01             4.174947e-01             5.566596e-05             2.898711e-04             4.353726e-01             1.501952e+03             8.109244e-08             3.120432e-01             -4.712392e-09           
 110             1.738477e+01             7.776151e-01             2.859833e-01             2.671667e-04             1.537634e-01             5.019843e-03             3.631230e-03             2.848518e-08             5.213370e-09             7.524977e-12             5.205545e-12             7.137806e-08             3.766678e-08             -3.390010e-08            -2.347615e-12            2.112853e-12             1.583124e+03             2.110832e-01             4.194663e-01             5.592884e-05             2.842736e-04             4.500593e-01             1.583191e+03             8.023163e-08             3.120431e-01             -4.941302e-09           
 111             1.764491e+01             8.094964e-01             2.353360e-01             2.590329e-04             1.551943e-01             5.989706e-03             3.829022e-03             2.525040e-08             4.621339e-09             6.407731e-12             4.432669e-12             6.709805e-08             3.721546e-08             -3.349392e-08            -2.341071e-12            2.106964e-12             1.663929e+03             2.218572e-01             4.195995e-01             5.594661e-05             2.787055e-04             4.637668e-01             1.664003e+03             7.915307e-08             3.120431e-01             -5.166789e-09           
 112             1.790265e+01             8.427095e-01             1.866485e-01             2.515067e-04             1.568677e-01             7.004639e-03             4.051608e-03             2.238099e-08             4.096178e-09             5.455723e-12             3.774099e-12             6.325563e-08             3.676923e-08             -3.309231e-08            -2.337939e-12            2.104146e-12             1.743840e+03             2.325120e-01             4.179051e-01             5.572068e-05             2.731992e-04             4.764378e-01             1.743921e+03             7.786574e-08             3.120430e-01             -5.394008e-09           
 113             1.815765e+01             8.773109e-01             1.398468e-01             2.445449e-04             1.587881e-01             8.068842e-03             4.301044e-03             1.983593e-08             3.630379e-09             4.644616e-12             3.213001e-12             5.980219e-08             3.632803e-08             -3.269523e-08            -2.338165e-12            2.104348e-12             1.822410e+03             2.429879e-01             4.144276e-01             5.525701e-05             2.677853e-04             4.880382e-01             1.822498e+03             7.638158e-08             3.120430e-01             -5.632419e-09           
 114             1.840955e+01             9.133590e-01             9.485972e-02             2.381062e-04             1.609601e-01             9.186776e-03             4.580107e-03             1.757877e-08             3.217273e-09             3.953646e-12             2.735009e-12             5.669455e-08             3.589182e-08             -3.230263e-08            -2.341687e-12            2.107518e-12             1.899221e+03             2.532294e-01             4.092438e-01             5.456584e-05             2.624927e-04             4.985568e-01             1.899317e+03             7.471569e-08             3.120429e-01             -5.893152e-09           
 115             1.865806e+01             9.509149e-01             5.161877e-02             2.321515e-04             1.633876e-01             1.036318e-02             4.893533e-03             1.557715e-08             2.850936e-09             3.365094e-12             2.327867e-12             5.389432e-08             3.546054e-08             -3.191449e-08            -2.348442e-12            2.113598e-12             1.973893e+03             2.631857e-01             4.024590e-01             5.366119e-05             2.573475e-04             5.080032e-01             1.973997e+03             7.288546e-08             3.120429e-01             -6.193664e-09           
 116             1.890288e+01             9.900420e-01             1.005818e-02             2.266439e-04             1.660748e-01             1.160370e-02             5.118497e-03             1.380231e-08             2.526104e-09             2.863834e-12             1.981111e-12             5.136744e-08             3.503418e-08             -3.153076e-08            -2.358371e-12            2.122534e-12             2.046090e+03             2.728120e-01             3.942012e-01             5.256016e-05             2.523723e-04             5.164050e-01             2.046202e+03             7.091093e-08             3.120429e-01             -6.553029e-09           
 117             1.914373e+01             1.030808e+00             -2.988719e-02            2.215884e-04             1.690561e-01             1.326761e-02             8.026958e-03             1.222015e-08             2.236536e-09             2.429311e-12             1.680522e-12             4.908537e-08             3.462458e-08             -3.116212e-08            -2.370111e-12            2.133100e-12             2.114209e+03             2.818946e-01             3.854889e-01             5.139853e-05             2.477294e-04             5.239785e-01             2.114328e+03             6.881539e-08             3.120428e-01             -7.028024e-09           
