# power spectrum of pi_k * H0 (dimensionless)
# redshift z=0.000000
# k              Pk             sigma(k)       sigma(Pk)      count
  1.256637e-02   1.123159e-10   0.000000e+00   4.093228e-11   6
  1.777153e-02   1.330997e-10   0.000000e+00   2.894841e-11   12
  2.176559e-02   4.957978e-11   2.384186e-10   1.379642e-11   8
  2.513274e-02   2.879110e-11   0.000000e+00   7.618346e-12   6
  2.809926e-02   1.401044e-11   0.000000e+00   1.783568e-12   24
  3.078120e-02   6.896089e-12   4.495664e-10   1.311650e-12   24
  3.554306e-02   4.756811e-13   0.000000e+00   1.067235e-13   12
  3.769911e-02   4.212728e-13   5.086263e-10   4.287388e-14   30
  3.973835e-02   4.773687e-14   0.000000e+00   8.721442e-15   24
  4.167794e-02   9.892094e-15   7.786718e-10   3.383603e-15   24
  4.353118e-02   1.645982e-13   4.768372e-10   6.230055e-14   8
  4.530869e-02   1.556780e-13   6.357829e-10   3.203689e-14   24
  4.701905e-02   3.302022e-13   0.000000e+00   3.924784e-14   48
  5.026548e-02   4.748292e-13   0.000000e+00   4.685384e-14   6
  5.181247e-02   9.887632e-13   8.991328e-10   1.086661e-13   48
  5.331460e-02   1.140128e-12   0.000000e+00   1.642705e-13   36
  5.477554e-02   6.559357e-13   6.357829e-10   1.603900e-13   24
  5.619852e-02   1.005394e-12   0.000000e+00   1.461007e-13   24
  5.758634e-02   1.086360e-12   0.000000e+00   1.368365e-13   48
  5.894150e-02   2.012801e-12   8.991328e-10   3.772129e-13   24
  6.156239e-02   1.359369e-12   8.991328e-10   2.759593e-13   24
  6.283185e-02   1.714355e-12   0.000000e+00   2.763034e-13   30
  6.407617e-02   1.778567e-12   0.000000e+00   1.712513e-13   72
  6.529678e-02   2.053814e-12   9.536743e-10   3.050773e-13   32
  6.767198e-02   1.525051e-12   0.000000e+00   2.390443e-13   72
  6.882885e-02   1.642300e-12   0.000000e+00   2.049883e-13   48
  7.108613e-02   9.103539e-13   0.000000e+00   1.772521e-13   12
  7.218830e-02   2.024424e-12   0.000000e+00   2.623198e-13   48
  7.327390e-02   1.966147e-12   0.000000e+00   2.779166e-13   48
  7.434365e-02   1.322007e-12   8.991328e-10   1.917338e-13   48
  7.539822e-02   1.406031e-12   1.017253e-09   2.091815e-13   30
  7.643825e-02   1.580387e-12   8.991328e-10   2.294463e-13   24
  7.746431e-02   1.686996e-12   1.895538e-09   1.530215e-13   72
  7.947671e-02   1.429155e-12   0.000000e+00   5.665949e-13   24
  8.046403e-02   2.028602e-12   0.000000e+00   1.886170e-13   96
  8.143939e-02   1.148225e-12   0.000000e+00   1.975047e-13   48
  8.240320e-02   1.417648e-12   1.557344e-09   2.309795e-13   24
  8.335587e-02   2.776275e-12   1.557344e-09   4.615059e-13   24
  8.429778e-02   1.615403e-12   0.000000e+00   2.025553e-13   72
  8.522927e-02   1.716900e-12   0.000000e+00   2.247943e-13   48
  8.706237e-02   2.383992e-12   9.536743e-10   7.857805e-13   8
  8.796459e-02   1.541675e-12   1.130281e-09   1.404711e-13   54
  8.885766e-02   1.760728e-12   0.000000e+00   2.058448e-13   84
  8.974184e-02   1.210971e-12   0.000000e+00   1.600026e-13   48
  9.061739e-02   1.214790e-12   1.271566e-09   3.102989e-13   24
  9.148456e-02   1.351085e-12   1.198844e-09   1.518919e-13   72
  9.234359e-02   1.265657e-12   0.000000e+00   1.066448e-13   96
  9.403811e-02   1.175665e-12   0.000000e+00   1.251160e-13   48
  9.487402e-02   1.130756e-12   0.000000e+00   1.355032e-13   48
  9.570263e-02   8.796546e-13   1.271566e-09   1.929503e-13   24
  9.652412e-02   1.013047e-12   0.000000e+00   1.195575e-13   72
  9.814649e-02   1.167279e-12   1.198844e-09   1.354472e-13   72
  9.894770e-02   1.002947e-12   0.000000e+00   8.917826e-14   96
  1.005310e-01   2.283815e-13   0.000000e+00   9.774608e-14   6
  1.013133e-01   1.037304e-12   0.000000e+00   1.130448e-13   96
  1.020897e-01   1.061692e-12   1.271566e-09   8.416559e-14   96
  1.028602e-01   1.282439e-12   0.000000e+00   2.154017e-13   24
  1.036249e-01   1.035480e-12   1.798266e-09   1.428304e-13   48
  1.043841e-01   7.592211e-13   0.000000e+00   6.893663e-14   96
  1.051378e-01   7.502286e-13   0.000000e+00   8.770860e-14   48
  1.066292e-01   1.042690e-12   0.000000e+00   1.948988e-13   36
  1.073671e-01   7.435662e-13   2.202416e-09   1.362212e-13   48
  1.081000e-01   9.038134e-13   2.491750e-09   8.465336e-14   120
  1.088280e-01   1.045037e-12   0.000000e+00   1.144154e-13   56
  1.095511e-01   5.293846e-13   1.271566e-09   1.205996e-13   24
  1.102695e-01   7.229618e-13   0.000000e+00   6.559196e-14   96
  1.109832e-01   1.034772e-12   0.000000e+00   1.420637e-13   48
  1.123970e-01   7.638743e-13   0.000000e+00   1.439241e-13   24
  1.130973e-01   1.012091e-12   0.000000e+00   8.772746e-14   102
  1.137933e-01   1.197942e-12   0.000000e+00   2.359853e-13   48
  1.144851e-01   1.241958e-12   0.000000e+00   1.129966e-13   72
  1.151727e-01   7.866473e-13   0.000000e+00   1.215107e-13   48
  1.158562e-01   1.149538e-12   0.000000e+00   1.961993e-13   48
  1.165357e-01   9.561284e-13   2.877225e-09   8.874916e-14   120
  1.178830e-01   4.584227e-13   1.798266e-09   9.352039e-14   24
  1.185509e-01   8.468661e-13   1.695421e-09   6.394663e-14   144
  1.192151e-01   7.890042e-13   2.034505e-09   6.963927e-14   120
  1.198755e-01   1.062862e-12   1.798266e-09   1.404562e-13   48
  1.211857e-01   7.927398e-13   1.798266e-09   1.248471e-13   48
  1.218355e-01   7.912223e-13   1.798266e-09   9.007400e-14   96
  1.235512e-01   7.229246e-13   3.015167e-04   1.095474e-13   72
  1.244007e-01   7.961273e-13   2.260561e-09   7.321191e-14   108
  1.250338e-01   6.701846e-13   0.000000e+00   7.334313e-14   72
  1.256637e-01   9.105226e-13   0.000000e+00   1.156856e-13   30
  1.262905e-01   8.398802e-13   0.000000e+00   6.098864e-14   168
  1.269141e-01   9.482045e-13   0.000000e+00   1.526555e-13   48
  1.281523e-01   7.982673e-13   0.000000e+00   8.467485e-14   72
  1.287670e-01   9.362894e-13   0.000000e+00   8.538493e-14   96
  1.293787e-01   6.757941e-13   3.390842e-09   6.006148e-14   72
  1.299875e-01   6.945001e-13   0.000000e+00   6.695625e-14   72
  1.310112e-01   5.572696e-13   2.784031e-04   4.641196e-14   104
  1.317972e-01   7.620367e-13   2.397687e-09   6.489054e-14   144
  1.335824e-01   8.756382e-13   4.021044e-09   9.441115e-14   96
  1.341721e-01   5.531802e-13   0.000000e+00   6.121110e-14   96
  1.351101e-01   5.432520e-13   2.864148e-04   5.165952e-14   120
  1.359261e-01   5.776567e-13   0.000000e+00   6.379705e-14   120
  1.365057e-01   7.737135e-13   0.000000e+00   7.817451e-14   72
  1.376577e-01   8.546258e-13   0.000000e+00   1.037230e-13   48
  1.382301e-01   4.916488e-13   2.710666e-09   4.800252e-14   78
  1.389623e-01   5.328902e-13   2.564571e-04   3.967475e-14   168
  1.404963e-01   6.378509e-13   2.397687e-09   6.529947e-14   144
  1.410572e-01   7.525112e-13   2.397687e-09   5.625694e-14   144
  1.426839e-01   6.330193e-13   1.476986e-04   4.963398e-14   156
  1.432787e-01   5.298477e-13   3.114687e-09   7.082638e-14   48
  1.438287e-01   5.542527e-13   2.034505e-09   5.487919e-14   120
  1.443766e-01   6.066922e-13   0.000000e+00   8.198227e-14   48
  1.453454e-01   4.645733e-13   2.260797e-04   3.107059e-14   216
  1.465478e-01   4.597002e-13   0.000000e+00   7.313696e-14   48
  1.470856e-01   4.193703e-13   1.798266e-09   5.606765e-14   96
  1.478502e-01   4.754363e-13   2.642094e-04   3.662162e-14   168
  1.486873e-01   3.991740e-13   1.798266e-09   5.262669e-14   48
  1.492174e-01   4.663638e-13   0.000000e+00   4.346375e-14   96
  1.497456e-01   3.205533e-13   0.000000e+00   4.189996e-14   48
  1.507964e-01   3.868626e-13   2.034505e-09   5.818254e-14   30
  1.513191e-01   5.479579e-13   1.798266e-09   5.564093e-14   96
  1.519439e-01   4.833139e-13   2.076451e-04   3.176790e-14   240
  1.527472e-01   4.603121e-13   2.240191e-04   1.022826e-13   32
  1.533921e-01   3.584868e-13   0.000000e+00   2.053084e-14   168
  1.539060e-01   4.806207e-13   0.000000e+00   3.793862e-14   120
  1.549286e-01   5.148997e-13   3.791077e-09   6.028074e-14   72
  1.554374e-01   4.283889e-13   2.397687e-09   3.063540e-14   144
  1.559446e-01   3.858668e-13   0.000000e+00   4.356821e-14   96
  1.564501e-01   3.732885e-13   0.000000e+00   3.997835e-14   96
  1.574562e-01   7.115171e-13   2.936555e-09   8.046647e-14   72
  1.579568e-01   3.999756e-13   2.543132e-09   5.294749e-14   96
  1.589534e-01   5.727494e-13   0.000000e+00   1.545670e-13   24
  1.594494e-01   4.538368e-13   0.000000e+00   3.185779e-14   192
  1.600334e-01   3.554818e-13   1.901066e-04   3.452908e-14   132
  1.609281e-01   2.882554e-13   0.000000e+00   2.689250e-14   96
  1.614180e-01   3.092208e-13   0.000000e+00   2.834159e-14   96
  1.619064e-01   3.545032e-13   2.034505e-09   3.316440e-14   120
  1.628788e-01   3.155546e-13   0.000000e+00   4.225738e-14   48
  1.636759e-01   4.143423e-13   2.303939e-04   2.791452e-14   222
  1.643266e-01   2.947260e-13   0.000000e+00   3.884022e-14   120
  1.648064e-01   2.622408e-13   3.114687e-09   5.042693e-14   24
  1.655050e-01   4.029233e-13   2.378000e-04   2.880533e-14   312
  1.670270e-01   4.424512e-13   2.229470e-04   4.998552e-14   72
  1.676563e-01   4.538378e-13   1.798266e-09   5.566587e-14   96
  1.683024e-01   3.578901e-13   2.270407e-04   3.222895e-14   192
  1.690632e-01   3.133922e-13   2.877225e-09   2.254662e-14   120
  1.695296e-01   3.773587e-13   0.000000e+00   3.421959e-14   144
  1.704585e-01   3.032363e-13   0.000000e+00   4.819174e-14   48
  1.711188e-01   3.265685e-13   2.282974e-04   1.821779e-14   336
  1.718425e-01   2.503901e-13   0.000000e+00   2.465163e-14   48
  1.727590e-01   3.307523e-13   0.000000e+00   2.917584e-14   192
  1.732155e-01   1.931647e-13   0.000000e+00   2.462198e-14   48
  1.745129e-01   2.531432e-13   1.584683e-04   2.951511e-14   56
  1.751580e-01   3.160728e-13   2.035272e-04   1.591235e-14   336
  1.759292e-01   3.731378e-13   2.260561e-09   5.164588e-14   54
  1.766010e-01   3.618087e-13   2.235459e-04   2.556082e-14   240
  1.779956e-01   2.614257e-13   2.140470e-04   1.611367e-14   228
  1.786017e-01   2.217292e-13   2.397687e-09   2.204306e-14   72
  1.791900e-01   3.190067e-13   2.076308e-04   2.967885e-14   144
  1.799230e-01   4.093471e-13   0.000000e+00   4.915866e-14   96
  1.803613e-01   2.698099e-13   2.877225e-09   2.014433e-14   240
  1.812348e-01   2.364323e-13   2.543132e-09   4.468917e-14   24
  1.817939e-01   3.037356e-13   1.961057e-04   1.797652e-14   336
  1.825371e-01   2.293302e-13   0.000000e+00   3.232551e-14   72
  1.832154e-01   2.978368e-13   2.133012e-04   2.326155e-14   168
  1.838302e-01   3.901417e-13   0.000000e+00   2.996299e-14   72
  1.846872e-01   2.869395e-13   0.000000e+00   3.009331e-14   96
  1.853509e-01   1.944153e-13   2.117011e-04   1.316818e-14   216
  1.859653e-01   2.757049e-13   2.543132e-09   2.498622e-14   96
  1.868125e-01   3.110938e-13   0.000000e+00   2.436436e-14   192
  1.872347e-01   2.912180e-13   2.397687e-09   2.137345e-14   144
  1.880762e-01   1.992107e-13   0.000000e+00   2.449860e-14   48
  1.886588e-01   2.858553e-13   2.041047e-04   2.131825e-14   246
  1.894505e-01   2.832280e-13   1.881878e-04   2.097084e-14   168
  1.901637e-01   2.697735e-13   3.523866e-09   2.651198e-14   120
  1.905784e-01   2.646489e-13   0.000000e+00   1.971224e-14   240
  1.914053e-01   3.060046e-13   2.543132e-09   3.813367e-14   24
  1.920640e-01   2.239015e-13   2.014384e-04   1.219508e-14   360
  1.928845e-01   2.995600e-13   2.005812e-04   2.722177e-14   120
  1.934568e-01   2.906660e-13   0.000000e+00   2.411770e-14   144
  1.938645e-01   3.569447e-13   0.000000e+00   3.830774e-14   96
  1.950825e-01   2.478810e-13   0.000000e+00   2.367479e-14   144
  1.954868e-01   2.617151e-13   0.000000e+00   2.003461e-14   132
  1.960551e-01   2.188979e-13   1.979707e-04   1.771332e-14   176
  1.968799e-01   2.076419e-13   1.999105e-04   1.330521e-14   312
  1.978954e-01   1.814646e-13   0.000000e+00   1.825937e-14   96
  1.982940e-01   2.100760e-13   0.000000e+00   1.772888e-14   144
  1.989055e-01   2.226816e-13   1.979053e-04   1.227195e-14   312
  1.998804e-01   9.991666e-14   0.000000e+00   1.210036e-14   48
  2.002750e-01   2.310338e-13   2.543132e-09   1.665347e-14   192
  2.010619e-01   4.674809e-13   0.000000e+00   8.909618e-14   6
  2.015848e-01   2.056901e-13   1.845802e-04   1.461951e-14   288
  2.024316e-01   1.956530e-13   1.950210e-04   1.397902e-14   192
  2.030159e-01   2.237506e-13   4.521123e-09   1.491272e-14   216
  2.034045e-01   2.083105e-13   0.000000e+00   2.703749e-14   72
  2.043725e-01   1.944454e-13   1.931689e-04   1.384394e-14   192
  2.050154e-01   2.091539e-13   1.434383e-04   1.282900e-14   288
  2.057204e-01   1.838832e-13   0.000000e+00   3.943034e-14   24
  2.062650e-01   1.793657e-13   1.889681e-04   9.523368e-15   456
  2.072499e-01   2.537896e-13   0.000000e+00   3.959006e-14   48
  2.078585e-01   2.058217e-13   1.861260e-04   1.343581e-14   240
  2.085579e-01   1.765013e-13   1.881013e-04   1.044943e-14   216
  2.091461e-01   2.309108e-13   0.000000e+00   2.520832e-14   72
  2.095233e-01   2.382143e-13   6.498988e-09   1.889158e-14   168
  2.105882e-01   1.835330e-13   1.398129e-04   1.179821e-14   288
  2.111855e-01   2.101649e-13   1.849965e-04   1.984961e-14   168
  2.121448e-01   1.494360e-13   0.000000e+00   1.414278e-14   192
  2.125166e-01   1.508531e-13   2.397687e-09   1.370568e-14   144
  2.132584e-01   2.588182e-13   0.000000e+00   3.157757e-14   36
  2.138874e-01   1.883597e-13   1.689411e-04   1.111437e-14   342
  2.144889e-01   2.178481e-13   1.734820e-04   1.983458e-14   144
  2.152621e-01   1.875571e-13   1.819392e-04   1.219679e-14   384
  2.162000e-01   1.628221e-13   4.983500e-09   1.646080e-14   120
  2.166643e-01   2.247950e-13   1.622368e-04   1.585381e-14   264
  2.172929e-01   1.776638e-13   8.042088e-09   1.595449e-14   192
  2.178848e-01   1.310741e-13   1.748412e-04   1.218919e-14   152
  2.183802e-01   2.130343e-13   2.397687e-09   2.349923e-14   144
  2.194222e-01   1.541677e-13   1.131589e-04   1.286230e-14   216
  2.199045e-01   1.811507e-13   1.512105e-04   1.114101e-14   312
  2.207535e-01   1.744067e-13   1.752500e-04   1.127866e-14   240
  2.212538e-01   1.277525e-13   2.543132e-09   1.413927e-14   96
  2.222033e-01   1.167199e-13   1.675517e-04   1.166261e-14   144
  2.227885e-01   1.235328e-13   1.646885e-04   6.080342e-15   456
  2.237379e-01   1.224639e-13   0.000000e+00   1.141943e-14   120
  2.240905e-01   1.678541e-13   0.000000e+00   1.748849e-14   144
  2.247941e-01   1.941192e-13   0.000000e+00   3.504725e-14   24
  2.252452e-01   1.328443e-13   1.583038e-04   7.469753e-15   336
  2.260253e-01   1.422759e-13   1.745876e-04   1.036012e-14   198
  2.267563e-01   1.484893e-13   1.697764e-04   9.015901e-15   432
  2.275867e-01   3.153173e-13   0.000000e+00   6.091066e-14   48
  2.280199e-01   1.609590e-13   1.498832e-04   1.037140e-14   384
  2.287976e-01   1.286588e-13   1.725473e-04   1.229989e-14   144
  2.295024e-01   1.774936e-13   1.713168e-04   1.334446e-14   264
  2.303454e-01   1.398247e-13   2.543132e-09   1.601399e-14   48
  2.309110e-01   1.401252e-13   1.628943e-04   9.645770e-15   276
  2.314567e-01   1.259101e-13   1.476593e-04   8.916863e-15   192
  2.321860e-01   1.290403e-13   1.659366e-04   5.729852e-15   552
  2.330715e-01   1.604608e-13   2.877225e-09   2.197623e-14   120
  2.335978e-01   1.144850e-13   1.679687e-04   8.044896e-15   216
  2.340855e-01   1.620808e-13   4.069010e-09   1.672316e-14   120
  2.349569e-01   1.436701e-13   1.654080e-04   6.968741e-15   408
  2.357660e-01   5.065779e-14   3.596531e-09   8.227966e-15   24
  2.362678e-01   1.376269e-13   1.670919e-04   7.242441e-15   384
  2.369685e-01   1.051033e-13   1.632547e-04   6.062875e-15   240
  2.375770e-01   1.251407e-13   1.644502e-04   7.333645e-15   168
  2.384301e-01   1.026459e-13   0.000000e+00   1.501562e-14   120
  2.389801e-01   1.196059e-13   1.714308e-04   7.404483e-15   350
  2.398744e-01   1.639319e-13   2.822081e-04   1.095212e-14   384
  2.404088e-01   1.553580e-13   0.000000e+00   1.761505e-14   144
  2.413921e-01   1.171549e-13   0.000000e+00   8.539422e-15   288
  2.419055e-01   1.358690e-13   1.615394e-04   9.061310e-15   336
  2.426039e-01   1.069816e-13   1.470682e-04   9.348621e-15   168
  2.430220e-01   1.453592e-13   6.498988e-09   9.892743e-15   336
  2.438868e-01   9.872615e-14   1.526480e-04   7.869845e-15   288
  2.444062e-01   1.399633e-13   1.438335e-04   1.084723e-14   264
  2.452858e-01   1.224399e-13   0.000000e+00   1.022036e-14   240
  2.456075e-01   1.040839e-13   3.596531e-09   1.043729e-14   96
  2.467620e-01   1.301554e-13   1.956039e-04   7.476675e-15   360
  2.473008e-01   1.533908e-13   1.441936e-04   1.793817e-14   168
  2.479816e-01   1.144505e-13   1.571860e-04   6.435039e-15   456
  2.488014e-01   1.266308e-13   3.196917e-09   1.468636e-14   108
  2.492626e-01   8.553157e-14   1.577159e-04   5.671423e-15   264
  2.498378e-01   9.210961e-14   1.407083e-04   6.019794e-15   264
  2.506256e-01   1.049524e-13   1.327788e-04   6.403168e-15   312
  2.516065e-01   1.127850e-13   9.866910e-05   8.005627e-15   270
  2.520176e-01   1.367213e-13   1.252729e-04   1.054072e-14   240
  2.527567e-01   1.217168e-13   1.549783e-04   9.071608e-15   384
  2.532054e-01   1.024834e-13   3.596531e-09   8.001898e-15   192
  2.540769e-01   1.161556e-13   1.243495e-04   8.061207e-15   240
  2.545825e-01   1.180471e-13   1.534673e-04   6.645157e-15   336
  2.555333e-01   1.095796e-13   1.544942e-04   5.348006e-15   480
  2.563047e-01   2.063234e-13   5.873111e-09   4.236896e-14   72
  2.567356e-01   1.191246e-13   1.506459e-04   8.409959e-15   240
  2.573216e-01   1.159579e-13   1.415865e-04   8.249368e-15   312
  2.579934e-01   8.305127e-14   1.530210e-04   5.687114e-15   240
  2.590086e-01   1.125709e-13   1.162564e-04   5.587019e-15   408
  2.594104e-01   1.051222e-13   1.064628e-04   6.502416e-15   336
  2.601958e-01   1.138484e-13   1.351816e-04   8.609854e-15   264
  2.605818e-01   7.546079e-14   0.000000e+00   6.529488e-15   144
  2.616557e-01   8.925401e-14   1.873697e-04   4.573633e-15   464
  2.622215e-01   8.732870e-14   1.489973e-04   7.365104e-15   168
  2.627801e-01   8.231081e-14   1.357041e-04   5.118528e-15   336
  2.637897e-01   1.081796e-13   1.425837e-04   6.326759e-15   414
  2.643588e-01   1.050797e-13   1.484211e-04   8.551168e-15   216
  2.650879e-01   1.805353e-13   3.596531e-09   2.070550e-14   96
  2.653856e-01   1.105862e-13   8.042088e-09   7.223374e-15   384
  2.664284e-01   1.117119e-13   1.481344e-04   6.091556e-15   492
  2.669873e-01   1.298177e-13   1.448627e-04   1.176464e-14   240
  2.676189e-01   8.477971e-14   1.470864e-04   5.816532e-15   312
  2.684913e-01   8.131504e-14   1.470380e-04   8.885959e-15   192
  2.690439e-01   8.296189e-14   1.424976e-04   5.035047e-15   504
  2.697770e-01   8.579323e-14   9.433586e-05   5.257250e-15   408
  2.703542e-01   8.276889e-14   2.890096e-04   7.738597e-15   168
  2.710765e-01   1.249288e-13   1.372821e-04   9.037952e-15   288
  2.716826e-01   1.082089e-13   1.432656e-04   8.490227e-15   288
  2.723035e-01   6.814443e-14   1.440903e-04   3.761386e-15   432
  2.732042e-01   9.164980e-14   1.362614e-04   7.115182e-15   216
  2.736854e-01   8.438955e-14   1.359739e-04   6.283757e-15   360
  2.745421e-01   8.372989e-14   1.327092e-04   6.595668e-15   312
  2.753154e-01   1.404444e-13   0.000000e+00   1.817035e-14   48
  2.757611e-01   8.896158e-14   1.422834e-04   5.256843e-15   432
  2.765594e-01   7.992929e-14   2.373302e-04   4.486284e-15   414
  2.770308e-01   1.090872e-13   0.000000e+00   7.836350e-15   312
  2.779102e-01   1.008915e-13   2.082441e-04   7.112871e-15   528
  2.785037e-01   1.165953e-13   1.093105e-04   9.335164e-15   264
  2.792167e-01   9.058114e-14   1.296122e-04   5.769406e-15   480
  2.801483e-01   8.604565e-14   0.000000e+00   6.110721e-15   288
  2.805506e-01   7.977597e-14   1.392643e-04   6.900805e-15   168
  2.812867e-01   1.074579e-13   2.204550e-04   6.793287e-15   504
  2.821143e-01   1.257330e-13   3.390842e-09   1.276407e-14   144
  2.826350e-01   7.758168e-14   1.415850e-04   4.344138e-15   464
  2.834173e-01   7.920732e-14   2.077839e-04   4.781865e-15   432
  2.837886e-01   8.688283e-14   0.000000e+00   9.880402e-15   192
  2.847481e-01   8.634885e-14   1.540373e-04   8.759842e-15   396
  2.853147e-01   5.843047e-14   1.383680e-04   4.352090e-15   288
  2.858874e-01   7.123270e-14   1.366839e-04   5.385628e-15   336
  2.868021e-01   7.699106e-14   8.655099e-05   5.420640e-15   432
  2.873827e-01   6.786611e-14   2.243281e-04   3.861805e-15   360
  2.880345e-01   7.089806e-14   1.326934e-04   3.827417e-15   384
  2.889603e-01   7.156649e-14   1.171274e-04   6.667289e-15   198
  2.894063e-01   6.474893e-14   1.331357e-04   3.237865e-15   552
  2.902381e-01   9.068370e-14   1.863809e-04   6.077037e-15   432
  2.909325e-01   8.018634e-14   4.110321e-09   7.030257e-15   168
  2.915153e-01   9.627199e-14   2.310442e-04   6.557632e-15   480
  2.922863e-01   8.226051e-14   4.069010e-09   7.179462e-15   120
  2.926334e-01   8.658401e-14   1.887069e-04   5.760908e-15   336
  2.934802e-01   7.697268e-14   1.331298e-04   4.297263e-15   672
  2.943175e-01   8.307149e-14   1.936554e-04   4.697359e-15   528
  2.947075e-01   4.326403e-14   0.000000e+00   3.868162e-15   168
  2.956085e-01   7.270049e-14   2.160213e-04   4.498199e-15   456
  2.961583e-01   1.105546e-13   1.319260e-04   1.561633e-14   168
  2.967291e-01   7.277312e-14   1.316892e-04   4.328487e-15   504
  2.976778e-01   6.213840e-14   1.694638e-04   5.411016e-15   336
  2.982515e-01   7.536514e-14   1.221633e-04   6.803916e-15   312
  2.988879e-01   7.744899e-14   1.193619e-04   4.899491e-15   504
  2.997254e-01   6.988580e-14   8.281656e-05   3.879362e-15   432
  3.001192e-01   6.103013e-14   1.279790e-04   4.823714e-15   312
  3.009377e-01   6.247586e-14   1.311847e-04   3.622066e-15   384
  3.017923e-01   1.165190e-13   1.114566e-04   1.338950e-14   126
  3.023199e-01   7.957345e-14   1.956913e-04   5.285544e-15   492
  3.029938e-01   9.109301e-14   1.253405e-04   6.258127e-15   528
  3.038360e-01   6.842861e-14   1.273190e-04   4.454751e-15   480
  3.043581e-01   8.384242e-14   1.758905e-04   5.516301e-15   432
  3.051137e-01   6.912832e-14   1.383146e-04   4.839742e-15   440
  3.059913e-01   7.984127e-14   6.878330e-05   6.661400e-15   312
  3.063206e-01   6.570534e-14   1.030775e-04   3.910467e-15   480
  3.069960e-01   6.168363e-14   2.018238e-04   3.464282e-15   408
  3.079829e-01   8.219565e-14   1.208696e-04   5.456693e-15   360
  3.083998e-01   6.470575e-14   1.166348e-04   4.235941e-15   408
  3.091725e-01   6.874608e-14   1.186907e-04   5.172671e-15   456
  3.100425e-01   7.066437e-14   1.134390e-04   5.294755e-15   264
  3.105254e-01   6.624260e-14   1.231098e-04   3.957834e-15   384
  3.112283e-01   5.562292e-14   2.072640e-04   2.619190e-15   672
  3.120409e-01   8.737703e-14   1.239707e-04   7.676441e-15   240
  3.125099e-01   5.697492e-14   1.257992e-04   3.961166e-15   264
  3.131717e-01   4.601894e-14   1.551526e-04   2.457510e-15   624
  3.141593e-01   5.662037e-14   0.000000e+00   7.958314e-15   150
  3.145109e-01   7.960366e-14   1.738607e-04   4.241181e-15   600
  3.152524e-01   9.212209e-14   1.199942e-04   6.206039e-15   672
  3.160921e-01   6.227397e-14   1.128630e-04   4.126463e-15   336
  3.165599e-01   7.763825e-14   1.227621e-04   5.184227e-15   408
  3.173072e-01   6.986960e-14   1.224729e-04   4.877723e-15   408
  3.181385e-01   7.534876e-14   6.192886e-05   5.436490e-15   360
  3.186510e-01   6.917161e-14   2.273829e-04   5.135719e-15   456
  3.192699e-01   6.786883e-14   1.236522e-04   4.713159e-15   384
  3.200577e-01   4.028614e-14   1.141466e-04   2.512452e-15   348
  3.204835e-01   7.931375e-14   1.407202e-04   4.719155e-15   576
  3.212832e-01   6.042924e-14   1.158646e-04   3.737494e-15   504
  3.221013e-01   6.257973e-14   1.634203e-04   3.788600e-15   432
  3.228154e-01   6.855640e-14   2.223325e-04   4.136696e-15   576
  3.233247e-01   5.012709e-14   5.231318e-09   4.760220e-15   264
  3.241325e-01   5.657886e-14   1.769212e-04   2.453530e-15   768
  3.248351e-01   3.629760e-14   2.381921e-04   2.279959e-15   240
  3.253937e-01   5.828140e-14   2.100629e-04   5.844658e-15   192
  3.262073e-01   4.983249e-14   1.546319e-04   3.101831e-15   504
  3.268108e-01   6.802785e-14   2.083724e-04   3.550109e-15   590
  3.273894e-01   7.802886e-14   2.334698e-04   8.699800e-15   384
  3.281151e-01   6.428200e-14   1.951120e-04   4.529945e-15   504
  3.289911e-01   6.834931e-14   1.877651e-04   4.537926e-15   648
  3.298409e-01   5.579217e-14   5.099453e-05   4.307043e-15   504
  3.301835e-01   6.222091e-14   1.163281e-04   5.776790e-15   312
  3.307884e-01   7.213755e-14   1.676002e-04   4.002658e-15   576
  3.316189e-01   6.835065e-14   1.166339e-04   5.567635e-15   240
  3.321030e-01   4.675410e-14   1.178530e-04   2.681440e-15   552
  3.327882e-01   6.659204e-14   1.106612e-04   4.209300e-15   600
  3.337643e-01   5.668687e-14   1.351639e-04   4.637720e-15   600
  3.343511e-01   4.806172e-14   2.164544e-04   3.903614e-15   312
  3.349356e-01   6.216892e-14   1.885103e-04   4.053318e-15   480
  3.356656e-01   4.448773e-14   1.176123e-04   2.620815e-15   576
  3.363084e-01   6.038891e-14   1.893814e-04   4.435156e-15   408
  3.368787e-01   2.807873e-14   2.209222e-04   2.364761e-15   216
  3.376156e-01   5.026993e-14   1.692015e-04   2.750903e-15   516
  3.384050e-01   5.285858e-14   1.614354e-04   2.957603e-15   744
  3.392194e-01   6.392994e-14   1.078246e-04   3.983812e-15   462
  3.396796e-01   5.434387e-14   1.095881e-04   4.755921e-15   432
  3.403934e-01   6.746524e-14   1.016670e-04   5.153391e-15   648
  3.412327e-01   6.758642e-14   1.487578e-04   6.111991e-15   528
  3.419069e-01   5.951143e-14   1.791415e-04   3.515409e-15   600
  3.425805e-01   9.659557e-14   2.258506e-04   9.207957e-15   240
  3.432329e-01   5.765962e-14   1.729994e-04   3.691250e-15   720
  3.439912e-01   6.180728e-14   1.368738e-04   3.748829e-15   720
  3.448318e-01   2.881693e-14   0.000000e+00   3.174428e-15   144
  3.452742e-01   5.905123e-14   1.764713e-04   3.360675e-15   720
  3.459035e-01   5.394686e-14   1.058157e-04   3.790312e-15   384
  3.466913e-01   4.348897e-14   1.173023e-04   2.401795e-15   672
  3.474387e-01   6.863399e-14   2.053834e-04   6.386727e-15   336
  3.477957e-01   4.629372e-14   4.795375e-09   3.819712e-15   288
  3.486699e-01   4.566943e-14   1.625472e-04   2.313703e-15   776
  3.494792e-01   4.224187e-14   1.390838e-04   2.181712e-15   720
  3.501588e-01   3.847711e-14   1.120422e-04   2.301015e-15   432
  3.507024e-01   4.979696e-14   1.597303e-04   3.393442e-15   504
  3.513071e-01   5.020306e-14   1.119137e-04   3.103656e-15   528
  3.521533e-01   5.692750e-14   1.524759e-04   5.221863e-15   438
  3.528495e-01   6.302788e-14   1.774680e-04   4.372015e-15   624
  3.533741e-01   6.812197e-14   2.173744e-04   8.118134e-15   312
  3.540952e-01   5.873021e-14   1.171159e-04   2.961134e-15   696
  3.548410e-01   5.370799e-14   1.059686e-04   3.255092e-15   552
  3.556166e-01   4.886923e-14   8.198436e-05   4.160876e-15   516
  3.560964e-01   7.309380e-14   1.637576e-04   6.433302e-15   528
  3.566805e-01   3.043119e-14   1.064960e-04   1.593846e-15   528
  3.575102e-01   5.281984e-14   1.404467e-04   2.824952e-15   864
  3.580734e-01   6.451770e-14   1.923830e-04   6.881553e-15   408
  3.586372e-01   7.264443e-14   1.906039e-04   5.698834e-15   192
  3.594362e-01   4.735657e-14   1.577339e-04   3.141153e-15   720
  3.601108e-01   4.487459e-14   1.454384e-04   2.543537e-15   696
  3.609123e-01   4.770825e-14   1.570748e-04   2.776727e-15   720
  3.616456e-01   4.795005e-14   2.128961e-04   3.305766e-15   432
  3.620733e-01   3.389761e-14   1.253189e-04   2.618453e-15   264
  3.628427e-01   4.613749e-14   1.730599e-04   2.742912e-15   672
  3.635310e-01   4.308775e-14   1.771868e-04   2.503731e-15   600
  3.643477e-01   3.637811e-14   1.037427e-04   4.774108e-15   270
  3.647594e-01   5.560077e-14   1.561617e-04   4.990692e-15   528
  3.654138e-01   6.842849e-14   1.069340e-04   4.492006e-15   840
  3.663112e-01   6.233630e-14   2.044769e-04   3.905364e-15   888
  3.671403e-01   5.078750e-14   1.523504e-04   3.677887e-15   744
  3.678411e-01   4.994080e-14   7.828584e-05   3.469040e-15   456
  3.681896e-01   7.343882e-14   1.069824e-04   6.338252e-15   360
  3.687860e-01   5.035739e-14   9.269427e-05   5.165613e-15   384
  3.697011e-01   5.609028e-14   1.486807e-04   3.225018e-15   816
  3.703877e-01   4.887308e-14   2.157150e-04   2.852160e-15   824
  3.712223e-01   6.340834e-14   1.002746e-04   7.991468e-15   360
  3.716692e-01   5.207885e-14   1.479676e-04   3.836291e-15   624
  3.722842e-01   5.536953e-14   9.998850e-05   3.586944e-15   360
  3.731036e-01   4.164112e-14   1.360137e-04   2.405020e-15   876
  3.738436e-01   4.554727e-14   1.615436e-04   2.660551e-15   696
  3.745899e-01   3.342774e-14   1.043143e-04   2.458660e-15   336
  3.749811e-01   4.730158e-14   1.041971e-04   3.581023e-15   504
  3.756273e-01   4.657009e-14   1.051000e-04   3.128466e-15   672
  3.765859e-01   3.901323e-14   2.092296e-04   1.752844e-15   720
  3.772508e-01   5.526549e-14   1.580506e-04   3.814990e-15   774
  3.779846e-01   8.666100e-14   9.046409e-05   8.821537e-15   384
  3.783690e-01   5.449373e-14   1.740917e-04   3.631883e-15   528
  3.789655e-01   6.053905e-14   1.659191e-04   4.287311e-15   744
  3.799249e-01   4.628913e-14   1.368481e-04   2.458678e-15   768
  3.805620e-01   6.258873e-14   1.536223e-04   5.670943e-15   552
  3.813568e-01   4.459244e-14   1.674309e-04   2.664745e-15   696
  3.819481e-01   8.553302e-14   2.034577e-04   8.021625e-15   408
  3.824174e-01   5.505211e-14   8.789532e-05   4.258562e-15   504
  3.831615e-01   4.805441e-14   1.579007e-04   2.744134e-15   888
  3.838937e-01   4.309310e-14   1.641044e-04   2.870187e-15   648
  3.846547e-01   5.354678e-14   1.626978e-04   3.715546e-15   648
  3.853707e-01   5.415367e-14   1.754281e-04   3.566099e-15   792
  3.861291e-01   4.127328e-14   2.566633e-04   2.584228e-15   600
  3.866880e-01   3.890484e-14   1.739428e-04   3.367936e-15   456
  3.872762e-01   4.357619e-14   8.477229e-05   3.262169e-15   648
  3.880317e-01   4.072369e-14   1.653183e-04   1.973152e-15   936
  3.888474e-01   5.477009e-14   1.015268e-04   4.594390e-15   384
  3.895575e-01   5.314165e-14   0.000000e+00   7.344955e-15   198
  3.901055e-01   5.377900e-14   2.575821e-04   3.360429e-15   1224
  3.906966e-01   8.505014e-14   1.875990e-04   8.310492e-15   420
  3.913957e-01   6.430668e-14   1.815566e-04   4.998099e-15   792
  3.920793e-01   5.820219e-14   1.501318e-04   4.174354e-15   680
  3.928594e-01   5.974947e-14   1.378581e-04   4.807095e-15   600
  3.934870e-01   4.855816e-14   1.999321e-04   2.910087e-15   840
  3.943251e-01   4.028868e-14   9.439865e-05   3.016816e-15   432
  3.946454e-01   6.303177e-14   8.846397e-05   4.448383e-15   720
  3.953417e-01   3.997121e-14   1.771778e-04   1.983608e-15   960
  3.962077e-01   5.074540e-14   1.579411e-04   5.184746e-15   528
  3.968405e-01   5.188679e-14   1.614459e-04   3.493819e-15   624
  3.975938e-01   5.768208e-14   1.268954e-04   3.822718e-15   816
  3.983415e-01   3.931246e-14   2.086821e-04   2.656655e-15   696
  3.991678e-01   3.251221e-14   5.754450e-09   3.401991e-15   240
  3.994784e-01   4.722869e-14   1.230648e-04   3.412533e-15   672
  4.001719e-01   4.198077e-14   2.199344e-04   2.978931e-15   864
  4.009498e-01   3.764328e-14   1.687640e-04   2.644541e-15   816
  4.016509e-01   3.515233e-14   9.659469e-05   2.397357e-15   648
  4.024060e-01   5.575074e-14   9.873737e-05   4.055215e-15   843
  4.030471e-01   4.625275e-14   1.776528e-04   4.390809e-15   780
  4.038111e-01   4.933111e-14   9.532520e-05   6.818438e-15   216
  4.042823e-01   5.086399e-14   2.298663e-04   3.592759e-15   1056
  4.050071e-01   3.989320e-14   1.880564e-04   5.703906e-15   228
  4.056781e-01   5.849038e-14   2.341349e-04   4.715324e-15   924
  4.063670e-01   4.285897e-14   8.685094e-05   2.196323e-15   696
  4.070964e-01   4.573984e-14   1.545698e-04   3.527778e-15   996
  4.078428e-01   2.905253e-14   9.125493e-05   2.193015e-15   576
  4.086192e-01   4.503499e-14   1.408459e-04   4.372716e-15   552
  4.091852e-01   5.395013e-14   1.681651e-04   3.733828e-15   516
  4.097596e-01   4.272069e-14   2.445470e-04   2.344979e-15   744
  4.104159e-01   3.036005e-14   1.199649e-04   1.741798e-15   576
  4.109868e-01   4.050577e-14   1.234742e-04   2.960753e-15   792
  4.117982e-01   3.930583e-14   1.411539e-04   2.404369e-15   792
  4.123927e-01   4.284390e-14   1.522330e-04   3.000283e-15   720
  4.131968e-01   3.733788e-14   1.735107e-04   2.361650e-15   656
  4.139503e-01   3.042943e-14   1.894646e-04   1.457093e-15   816
  4.147227e-01   3.272196e-14   1.021561e-04   3.010559e-15   492
  4.151618e-01   3.537426e-14   1.469588e-04   2.332742e-15   552
  4.159858e-01   3.061651e-14   2.555435e-04   2.131009e-15   780
  4.165209e-01   3.399761e-14   1.569773e-04   2.523687e-15   528
  4.170975e-01   2.562508e-14   1.832403e-04   1.638244e-15   600
  4.179472e-01   3.663970e-14   1.522872e-04   1.853864e-15   900
  4.185329e-01   2.952096e-14   8.430879e-05   1.921624e-15   696
  4.193388e-01   2.937267e-14   2.131780e-04   2.098565e-15   696
  4.201183e-01   2.355725e-14   8.648430e-05   1.629025e-15   552
  4.207739e-01   2.614029e-14   1.005733e-04   1.560229e-15   708
  4.214606e-01   2.838976e-14   1.660522e-04   1.623905e-15   876
  4.221752e-01   4.194484e-14   8.817041e-05   5.237194e-15   216
  4.226547e-01   2.983339e-14   2.411580e-04   1.319234e-15   1032
  4.233729e-01   2.450699e-14   2.685028e-04   1.682028e-15   600
  4.241182e-01   2.315930e-14   1.281196e-04   1.753082e-15   600
  4.246868e-01   2.856693e-14   2.262472e-04   1.625482e-15   528
  4.253589e-01   2.528957e-14   1.241998e-04   1.490918e-15   732
  4.260669e-01   2.906380e-14   9.171027e-05   1.990768e-15   336
  4.268820e-01   2.577211e-14   1.307053e-04   1.213702e-15   912
  4.274911e-01   1.881227e-14   1.311885e-04   9.399354e-16   624
  4.281565e-01   2.524649e-14   1.105498e-04   1.598979e-15   768
  4.289333e-01   2.545143e-14   1.994537e-04   1.246058e-15   792
  4.296957e-01   2.618614e-14   9.888090e-05   1.559172e-15   660
  4.302382e-01   2.705930e-14   1.457169e-04   2.167778e-15   504
  4.307992e-01   2.118519e-14   2.380735e-04   1.342382e-15   480
  4.316401e-01   1.888447e-14   2.201870e-04   7.444180e-16   912
  4.322985e-01   2.373888e-14   2.452123e-04   2.522530e-15   432
  4.329203e-01   2.361303e-14   1.456013e-04   1.409314e-15   564
  4.334724e-01   2.259836e-14   1.393605e-04   1.250768e-15   600
  4.342496e-01   2.423776e-14   1.942553e-04   1.002342e-15   876
  4.348334e-01   2.236114e-14   8.734307e-05   2.116669e-15   264
  4.356382e-01   2.018013e-14   1.694799e-04   1.110295e-15   560
  4.362850e-01   1.899160e-14   1.151652e-04   8.471148e-16   840
  4.370702e-01   1.936235e-14   1.775516e-04   9.535383e-16   1008
  4.377963e-01   1.654429e-14   7.942467e-05   8.975984e-16   456
  4.384595e-01   2.130911e-14   1.028834e-04   1.022007e-15   576
  4.390725e-01   1.838697e-14   1.580913e-04   9.124263e-16   612
  4.398809e-01   2.157660e-14   1.412012e-04   1.073102e-15   780
  4.405404e-01   2.057032e-14   1.618102e-04   1.027654e-15   648
  4.412155e-01   1.915814e-14   7.540562e-05   1.328218e-15   312
  4.416470e-01   1.518870e-14   1.915933e-04   6.976074e-16   528
  4.423945e-01   1.685771e-14   2.502113e-04   7.030967e-16   720
  4.431093e-01   1.879276e-14   2.509948e-04   1.225772e-15   576
  4.439759e-01   1.633946e-14   2.165154e-04   8.823456e-16   444
  4.445151e-01   1.924164e-14   2.123318e-04   7.928792e-16   996
  4.451759e-01   1.593755e-14   1.773610e-04   1.067311e-15   432
  4.458005e-01   2.084356e-14   1.941754e-04   1.209894e-15   504
  4.463400e-01   1.367449e-14   8.754449e-05   6.869756e-16   504
  4.471082e-01   2.004470e-14   1.722886e-04   7.929493e-16   876
  4.478033e-01   1.533099e-14   1.982878e-04   8.098603e-16   504
  4.485271e-01   1.525480e-14   1.264576e-04   8.228211e-16   696
  4.491253e-01   1.626590e-14   1.081079e-04   9.812841e-16   492
  4.499392e-01   1.575550e-14   1.547618e-04   1.096809e-15   432
  4.505420e-01   1.731322e-14   1.449174e-04   7.729302e-16   768
  4.512567e-01   1.612864e-14   1.805141e-04   8.111415e-16   648
  4.519390e-01   1.458641e-14   1.177661e-04   1.198862e-15   456
  4.527231e-01   1.715808e-14   1.619475e-04   9.338973e-16   552
  4.532676e-01   1.597089e-14   1.109989e-04   7.639141e-16   648
  4.540170e-01   1.479867e-14   1.809220e-04   5.848402e-16   840
  4.547491e-01   1.641780e-14   8.627791e-05   9.828580e-16   432
  4.554820e-01   1.496710e-14   1.056757e-04   7.807892e-16   600
  4.559917e-01   1.800015e-14   1.125905e-04   1.068298e-15   432
  4.568479e-01   1.963800e-14   1.120948e-04   9.546530e-16   560
  4.574277e-01   1.387014e-14   1.774344e-04   5.102682e-16   840
  4.581537e-01   1.335729e-14   1.050970e-04   7.916667e-16   504
  4.587303e-01   1.363681e-14   2.144966e-04   7.122057e-16   696
  4.595432e-01   1.859321e-14   1.171504e-04   1.303030e-15   384
  4.601763e-01   1.391864e-14   1.716116e-04   7.032861e-16   576
  4.609420e-01   1.391532e-14   1.059101e-04   8.890813e-16   360
  4.615593e-01   1.579120e-14   1.577258e-04   6.782724e-16   828
  4.622251e-01   1.270738e-14   1.404841e-04   7.189093e-16   372
  4.628352e-01   1.498269e-14   2.145462e-04   6.337002e-16   576
  4.636434e-01   1.437122e-14   8.985170e-05   6.800908e-16   636
  4.642192e-01   1.537738e-14   1.732109e-04   7.134454e-16   648
  4.649981e-01   1.108562e-14   1.408015e-04   5.814543e-16   576
  4.655573e-01   1.512360e-14   2.271277e-04   8.532547e-16   528
  4.663010e-01   1.309980e-14   9.710647e-05   8.196525e-16   360
  4.669165e-01   1.329920e-14   2.233813e-04   5.446162e-16   672
  4.677203e-01   1.577752e-14   1.144196e-04   6.316275e-16   804
  4.683893e-01   1.437467e-14   1.262185e-04   7.426494e-16   408
  4.691293e-01   1.426082e-14   7.801673e-05   7.961466e-16   384
  4.696276e-01   1.166166e-14   1.785323e-04   6.453601e-16   480
  4.703304e-01   1.499388e-14   1.153580e-04   9.216119e-16   432
  4.710045e-01   1.370481e-14   2.125802e-04   5.484499e-16   648
  4.718024e-01   1.498944e-14   1.319050e-04   6.399005e-16   624
  4.723861e-01   1.213087e-14   1.199787e-04   5.777814e-16   456
  4.731831e-01   1.020522e-14   1.639016e-04   4.807396e-16   588
  4.737172e-01   1.279162e-14   1.045685e-04   6.019535e-16   600
  4.744970e-01   1.389487e-14   1.631013e-04   6.633206e-16   708
  4.751130e-01   1.424746e-14   1.027507e-04   9.005025e-16   360
  4.757936e-01   1.369663e-14   1.181146e-04   6.836794e-16   552
  4.764461e-01   1.097931e-14   8.286020e-05   7.495964e-16   288
  4.771085e-01   1.287049e-14   1.557998e-04   6.359579e-16   528
  4.777309e-01   1.300289e-14   1.051098e-04   7.832900e-16   456
  4.784262e-01   1.257815e-14   1.863824e-04   5.769154e-16   608
  4.791256e-01   1.200199e-14   9.017389e-05   6.551998e-16   504
  4.798898e-01   8.906019e-15   1.935982e-04   5.956627e-16   540
  4.804891e-01   1.471902e-14   2.078222e-04   8.146454e-16   360
  4.811350e-01   1.280339e-14   9.411255e-05   7.223547e-16   540
  4.817063e-01   1.264466e-14   8.080679e-05   7.732739e-16   576
  4.825371e-01   1.281375e-14   1.873635e-04   5.728351e-16   588
  4.833270e-01   1.269603e-14   2.585051e-04   6.504245e-16   672
  4.840056e-01   1.237019e-14   1.975777e-04   5.470201e-16   552
  4.845526e-01   1.294490e-14   1.976776e-04   1.244062e-15   144
  4.852507e-01   1.238594e-14   1.679474e-04   5.813173e-16   600
  4.859125e-01   1.109653e-14   2.104747e-04   6.002125e-16   504
  4.866470e-01   1.115653e-14   2.162000e-04   7.162321e-16   336
  4.874196e-01   1.252132e-14   2.430098e-04   5.777255e-16   600
  4.881116e-01   1.133931e-14   1.568306e-04   5.132273e-16   636
  4.888585e-01   1.132248e-14   1.260932e-04   6.655181e-16   384
  4.893821e-01   1.338947e-14   1.758851e-04   7.067611e-16   504
  4.901368e-01   8.382448e-15   7.381652e-05   6.152860e-16   240
  4.907324e-01   1.183403e-14   1.734055e-04   4.765810e-16   744
  4.914470e-01   1.066509e-14   1.184096e-04   4.906124e-16   648
  4.920821e-01   2.066379e-14   7.860381e-05   2.173950e-15   120
  4.928265e-01   1.237455e-14   1.234764e-04   6.631662e-16   564
  4.933890e-01   1.217556e-14   1.939271e-04   6.586022e-16   432
  4.941396e-01   1.096587e-14   1.505258e-04   5.701918e-16   480
  4.947049e-01   9.734244e-15   1.107908e-04   5.161228e-16   456
  4.953721e-01   1.272147e-14   1.833424e-04   6.625792e-16   444
  4.961293e-01   9.457410e-15   2.805235e-04   4.776537e-16   528
  4.967944e-01   9.958990e-15   2.083390e-04   6.844815e-16   264
  4.974399e-01   1.200669e-14   2.135165e-04   7.056289e-16   444
  4.983082e-01   1.353344e-14   2.338759e-04   6.265243e-16   696
  4.990289e-01   1.115688e-14   1.250847e-04   5.878850e-16   384
  4.995560e-01   1.081225e-14   1.580550e-04   6.609879e-16   432
  5.003759e-01   1.280556e-14   1.092086e-04   6.939880e-16   488
  5.009082e-01   1.270893e-14   1.645909e-04   6.598996e-16   480
  5.016800e-01   1.000878e-14   1.835529e-04   6.385167e-16   480
  5.022777e-01   1.043002e-14   7.701318e-05   7.313371e-16   240
  5.029563e-01   1.203654e-14   1.798967e-04   6.742504e-16   600
  5.035964e-01   9.947960e-15   1.567616e-04   8.328767e-16   288
  5.042780e-01   1.108743e-14   1.507931e-04   5.130787e-16   480
  5.049682e-01   9.721959e-15   2.682341e-04   5.591565e-16   504
  5.056479e-01   1.178459e-14   1.150891e-04   9.135364e-16   216
  5.065146e-01   1.179984e-14   1.884192e-04   6.259005e-16   504
  5.071897e-01   1.047110e-14   1.515464e-04   6.963502e-16   456
  5.079286e-01   1.023869e-14   8.691443e-05   5.627031e-16   384
  5.084180e-01   1.196962e-14   1.764049e-04   6.370069e-16   480
  5.091134e-01   1.004743e-14   1.549032e-04   5.043605e-16   504
  5.097578e-01   1.074918e-14   9.826093e-05   8.602571e-16   312
  5.104521e-01   1.083569e-14   1.583441e-04   6.095652e-16   492
  5.110667e-01   1.277357e-14   1.484108e-04   9.271804e-16   312
  5.118579e-01   1.003012e-14   2.410815e-04   4.512532e-16   576
  5.125543e-01   1.177259e-14   2.225378e-04   8.086805e-16   336
  5.131328e-01   8.210442e-15   1.713438e-04   6.591662e-16   240
  5.139346e-01   9.696259e-15   2.271584e-04   5.440379e-16   468
  5.146270e-01   9.591940e-15   1.422340e-04   8.601698e-16   192
  5.153517e-01   9.715908e-15   1.426580e-04   6.109226e-16   324
  5.158828e-01   9.990341e-15   1.035388e-04   4.857246e-16   600
  5.166066e-01   1.075660e-14   1.679811e-04   5.655560e-16   456
  5.171442e-01   9.723429e-15   7.555790e-05   6.532102e-16   336
  5.180350e-01   1.093921e-14   2.262417e-04   6.016867e-16   612
  5.186832e-01   8.944087e-15   1.898719e-04   1.038325e-15   144
  5.192961e-01   1.285489e-14   2.216292e-04   6.843128e-16   552
  5.201296e-01   7.951176e-15   8.728032e-05   4.863393e-16   264
  5.206006e-01   1.045792e-14   2.020762e-04   5.972170e-16   336
  5.213435e-01   8.238485e-15   1.335250e-04   5.132668e-16   384
  5.219878e-01   1.045642e-14   7.516140e-05   1.023042e-15   216
  5.227010e-01   7.760584e-15   1.593577e-04   5.672442e-16   344
  5.233513e-01   9.363745e-15   2.377692e-04   5.511157e-16   408
  5.241438e-01   8.957202e-15   1.827101e-04   7.292344e-16   264
  5.248460e-01   1.114000e-14   2.547069e-04   5.881531e-16   612
  5.255476e-01   1.229107e-14   1.310917e-04   7.463079e-16   408
  5.262692e-01   8.671204e-15   1.312801e-04   5.002342e-16   444
  5.267993e-01   1.525711e-14   7.342396e-05   1.565736e-15   120
  5.275096e-01   1.202515e-14   2.028570e-04   8.220638e-16   336
  5.280368e-01   8.181247e-15   7.049199e-05   5.274659e-16   288
  5.287493e-01   1.017574e-14   2.193723e-04   5.420704e-16   552
  5.297288e-01   9.980167e-15   1.174622e-08   1.248422e-15   72
  5.302324e-01   9.254064e-15   2.178926e-04   4.686121e-16   504
  5.308207e-01   6.344236e-15   7.011571e-05   4.268790e-16   216
  5.315829e-01   9.753006e-15   1.251868e-04   6.972959e-16   312
  5.322672e-01   7.883108e-15   1.425448e-04   4.847284e-16   336
  5.329194e-01   1.046320e-14   1.975831e-04   1.242718e-15   204
  5.335689e-01   1.235912e-14   2.296216e-04   7.578865e-16   504
  5.342577e-01   1.291148e-14   2.186657e-04   8.687459e-16   396
  5.349201e-01   1.136084e-14   2.005279e-04   1.007513e-15   312
  5.357232e-01   1.253131e-14   1.225440e-04   1.070134e-15   216
  5.362890e-01   9.292727e-15   6.650698e-05   7.241605e-16   168
  5.369766e-01   1.015136e-14   1.679338e-04   5.354620e-16   588
  5.377613e-01   8.222918e-15   2.279505e-04   7.875410e-16   240
  5.383710e-01   8.456163e-15   2.013185e-04   7.773979e-16   264
  5.390860e-01   9.732648e-15   2.489717e-04   6.664371e-16   288
  5.397204e-01   7.893161e-15   1.243261e-04   5.253220e-16   288
  5.405244e-01   9.590665e-15   1.167620e-04   6.580102e-16   288
  5.410658e-01   7.871384e-15   1.352591e-04   6.450393e-16   192
  5.417469e-01   6.107234e-15   1.439292e-04   4.345444e-16   264
  5.423957e-01   1.537116e-14   2.367436e-04   1.012437e-15   372
  5.430940e-01   1.215270e-14   2.556933e-04   7.619364e-16   360
  5.439463e-01   1.198746e-14   1.082118e-04   1.413905e-15   144
  5.443868e-01   9.259041e-15   1.503015e-04   7.993933e-16   296
  5.450821e-01   8.699920e-15   1.619421e-04   6.050009e-16   288
  5.458782e-01   1.012165e-14   2.420184e-04   5.607046e-16   480
  5.465649e-01   9.059666e-15   2.010942e-04   1.161231e-15   192
  5.472326e-01   1.157999e-14   2.157009e-04   9.212865e-16   192
  5.478395e-01   7.629809e-15   1.374687e-04   5.423779e-16   288
  5.486835e-01   7.039521e-15   1.196646e-04   7.807843e-16   108
  5.491087e-01   9.705175e-15   1.150429e-04   7.479109e-16   240
  5.498595e-01   7.229411e-15   2.146152e-04   5.351763e-16   384
  5.506307e-01   9.140990e-15   2.618062e-04   1.216863e-15   108
  5.513127e-01   1.367653e-14   1.535018e-04   8.937052e-16   348
  5.520298e-01   9.233479e-15   1.602006e-04   8.313314e-16   312
  5.526703e-01   9.213900e-15   1.556684e-04   1.360309e-15   96
  5.532593e-01   1.034577e-14   2.072444e-04   8.160302e-16   384
  5.539190e-01   7.567786e-15   1.425422e-04   6.490016e-16   144
  5.545642e-01   8.167822e-15   2.190224e-04   5.136597e-16   408
  5.553663e-01   7.740454e-15   9.769946e-05   7.213990e-16   144
  5.561240e-01   9.903537e-15   1.878283e-04   1.087348e-15   192
  5.565734e-01   8.104280e-15   2.114042e-04   8.156521e-16   144
  5.573059e-01   8.630870e-15   1.718794e-04   8.798765e-16   144
  5.579969e-01   8.947536e-15   2.100644e-04   6.163081e-16   336
  5.588433e-01   5.323691e-15   1.554210e-04   3.747098e-16   240
  5.593800e-01   8.245163e-15   7.057532e-05   9.608837e-16   96
  5.601284e-01   1.268137e-14   2.069634e-04   8.792367e-16   372
  5.608856e-01   1.002140e-14   2.461786e-04   1.282069e-15   132
  5.615507e-01   6.645637e-15   1.523323e-04   4.300709e-16   264
  5.621457e-01   1.110800e-14   1.169843e-04   1.288598e-15   168
  5.627807e-01   8.248805e-15   1.870354e-04   6.376886e-16   216
  5.633417e-01   8.425033e-15   1.144306e-04   7.264916e-16   216
  5.641586e-01   5.392472e-15   2.099325e-04   5.170317e-16   96
  5.648999e-01   1.086214e-14   1.369618e-04   1.388625e-15   120
  5.655797e-01   6.470121e-15   1.741170e-04   4.955531e-16   216
  5.661397e-01   7.818055e-15   7.608972e-05   7.847030e-16   200
  5.668812e-01   7.998518e-15   1.969636e-04   6.595536e-16   288
  5.678322e-01   4.316385e-15   5.182495e-05   3.618974e-16   144
  5.682326e-01   6.668701e-15   1.612761e-04   6.312654e-16   168
  5.690504e-01   1.270055e-14   1.815012e-04   2.075515e-15   159
  5.696887e-01   7.185170e-15   1.904384e-04   6.489711e-16   174
  5.703065e-01   8.379059e-15   1.726829e-04   7.637630e-16   144
  5.711154e-01   9.011152e-15   9.971188e-05   7.803423e-16   222
  5.716564e-01   6.275130e-15   1.006181e-04   4.811525e-16   168
  5.725909e-01   1.014766e-14   2.206942e-04   1.880004e-15   30
  5.729769e-01   3.969975e-15   1.948567e-04   3.517974e-16   72
  5.737039e-01   7.582636e-15   1.739073e-04   4.921026e-16   258
  5.745032e-01   6.136804e-15   1.089226e-04   4.271649e-16   264
  5.749029e-01   5.529376e-15   0.000000e+00   5.698217e-16   72
  5.757357e-01   5.256117e-15   2.158892e-04   4.335364e-16   174
  5.764898e-01   6.475030e-15   2.298822e-04   9.777583e-16   168
  5.770961e-01   4.469602e-15   7.193062e-09   5.979860e-16   48
  5.777470e-01   6.128436e-15   1.298199e-04   6.597827e-16   150
  5.785016e-01   7.826952e-15   2.388130e-04   6.409040e-16   168
  5.792583e-01   7.220154e-15   1.454738e-04   6.462300e-16   144
  5.799541e-01   9.858294e-15   1.359056e-04   1.431496e-15   102
  5.804724e-01   4.650276e-15   2.011636e-04   4.295053e-16   96
  5.812948e-01   4.998044e-15   1.996414e-04   4.164170e-16   120
  5.819038e-01   4.725361e-15   2.141206e-04   3.731286e-16   168
  5.825625e-01   1.064157e-14   1.581111e-04   1.075382e-15   126
  5.831237e-01   6.518261e-15   1.192474e-04   5.462137e-16   168
  5.838969e-01   5.844056e-15   1.912134e-04   7.949368e-16   72
  5.845726e-01   5.671681e-15   2.394418e-04   4.781817e-16   168
  5.851646e-01   5.678105e-15   6.564276e-05   7.975218e-16   78
  5.859757e-01   5.464940e-15   1.077805e-04   6.329585e-16   60
  5.866288e-01   1.067670e-14   1.748374e-04   1.177756e-15   96
  5.873062e-01   5.516682e-15   2.121507e-04   3.966001e-16   168
  5.879428e-01   5.774748e-15   1.342407e-04   8.891111e-16   86
  5.886107e-01   3.779814e-15   1.199794e-04   3.064140e-16   120
  5.895681e-01   5.087885e-15   8.556122e-05   3.671321e-16   168
  5.900844e-01   3.894323e-15   0.000000e+00   5.392919e-16   48
  5.907798e-01   7.041658e-15   1.558833e-04   5.771141e-16   120
  5.911793e-01   5.086102e-15   1.137231e-04   4.796883e-16   126
  5.921548e-01   6.426565e-15   2.000073e-04   5.135812e-16   96
  5.927878e-01   5.804594e-15   5.767222e-05   5.277862e-16   96
  5.932871e-01   5.589854e-15   0.000000e+00   6.445710e-16   72
  5.943508e-01   6.841714e-15   7.193062e-09   1.468578e-15   24
  5.950147e-01   7.196949e-15   1.186881e-04   1.177342e-15   120
  5.955326e-01   5.627837e-15   1.731294e-04   6.905325e-16   126
  5.961084e-01   4.572592e-15   1.443268e-04   5.416390e-16   96
  5.967813e-01   4.655994e-15   2.494389e-04   5.055984e-16   72
  5.975306e-01   5.691084e-15   1.078907e-04   5.377813e-16   144
  5.981469e-01   4.486185e-15   6.222882e-05   5.265884e-16   72
  5.987626e-01   6.139897e-15   1.242932e-04   7.487070e-16   54
  5.993045e-01   6.154869e-15   1.095319e-04   6.218211e-16   108
  6.004306e-01   5.091251e-15   1.073696e-04   5.062070e-16   72
  6.007812e-01   5.283398e-15   6.195595e-05   7.775480e-16   72
  6.016129e-01   4.263176e-15   1.245875e-08   5.587390e-16   24
  6.023999e-01   3.745856e-15   1.310705e-04   4.315071e-16   48
  6.028777e-01   5.524145e-15   9.984188e-05   5.782873e-16   102
  6.035970e-01   5.219870e-15   2.258008e-04   3.955178e-16   168
  6.045369e-01   5.390644e-15   1.231465e-04   6.565811e-16   72
  6.048851e-01   3.105104e-15   0.000000e+00   3.641407e-16   48
  6.056156e-01   6.322323e-15   2.118194e-04   7.087290e-16   120
  6.065796e-01   5.991473e-15   1.301673e-04   5.070326e-16   96
  6.074901e-01   5.816312e-15   1.409547e-08   1.089612e-15   30
  6.085723e-01   7.512221e-15   6.115837e-05   7.215493e-16   72
  6.090478e-01   5.810727e-15   7.193062e-09   9.845015e-16   24
  6.096586e-01   4.197468e-15   9.065181e-05   5.824774e-16   56
  6.103428e-01   4.481805e-15   1.293647e-04   3.871433e-16   96
  6.111616e-01   5.104497e-15   1.428503e-04   4.774392e-16   144
  6.117928e-01   4.076015e-15   8.110480e-05   5.550737e-16   54
  6.127099e-01   7.051268e-15   1.215036e-04   6.721437e-16   108
  6.136327e-01   7.195924e-15   6.433558e-05   1.547642e-15   48
  6.145113e-01   5.730711e-15   2.422440e-04   5.450343e-16   72
  6.166195e-01   6.947143e-15   1.600514e-04   1.002330e-15   78
  6.172037e-01   6.308039e-15   1.206188e-04   7.739554e-16   72
  6.178856e-01   5.631189e-15   1.204690e-04   5.460578e-16   72
  6.185986e-01   7.076919e-15   2.907051e-04   6.984549e-16   96
  6.191621e-01   4.429623e-15   1.202207e-04   5.942916e-16   72
  6.198419e-01   5.949240e-15   0.000000e+00   9.615248e-16   24
  6.205208e-01   6.812825e-15   2.398986e-04   7.481403e-16   72
  6.220544e-01   7.570969e-15   1.523430e-04   1.141411e-15   30
  6.223843e-01   6.638624e-15   0.000000e+00   1.100823e-15   24
  6.241578e-01   5.858461e-15   1.265014e-04   7.446592e-16   48
  6.247142e-01   5.907408e-15   2.722309e-04   6.687681e-16   120
  6.254637e-01   5.879818e-15   1.190257e-04   5.184896e-16   72
  6.262206e-01   6.358981e-15   1.188818e-04   9.843558e-16   36
  6.267409e-01   6.741598e-15   2.349657e-04   5.794843e-16   78
  6.281928e-01   7.278028e-15   1.256888e-04   1.268659e-15   48
  6.300754e-01   5.113214e-15   1.017253e-08   8.236294e-16   24
  6.314166e-01   5.182467e-15   8.752715e-05   6.996020e-16   56
  6.320919e-01   6.072746e-15   1.346877e-04   6.420575e-16   102
  6.329510e-01   5.498745e-15   9.590750e-09   6.179669e-16   72
  6.334498e-01   3.855171e-15   0.000000e+00   8.527794e-16   24
  6.343217e-01   4.894410e-15   1.244744e-04   6.477222e-16   48
  6.359378e-01   3.775982e-15   0.000000e+00   6.022227e-16   24
  6.379213e-01   8.118030e-15   0.000000e+00   6.333057e-16   6
  6.385398e-01   2.846551e-15   0.000000e+00   4.878694e-16   24
  6.389518e-01   5.219606e-15   1.165127e-04   5.506735e-16   72
  6.397046e-01   5.195799e-15   2.173655e-04   7.076740e-16   84
  6.405152e-01   7.080503e-15   0.000000e+00   1.535372e-15   24
  6.407617e-01   6.533950e-15   1.017253e-08   1.118917e-15   24
  6.419927e-01   3.996689e-15   7.193062e-09   1.027504e-15   24
  6.437123e-01   3.076053e-15   0.000000e+00   8.611483e-16   6
  6.459163e-01   7.648926e-15   1.222400e-04   1.082148e-15   48
  6.464458e-01   7.135254e-15   2.302802e-04   9.343203e-16   72
  6.471376e-01   5.893677e-15   1.220094e-04   6.468742e-16   48
  6.482347e-01   7.347896e-15   0.000000e+00   2.121588e-15   24
  6.496947e-01   1.479946e-15   7.193062e-09   5.189096e-16   6
  6.529678e-01   4.202555e-15   0.000000e+00   1.114053e-15   8
  6.532096e-01   8.593098e-15   7.193062e-09   1.066695e-15   48
  6.537895e-01   7.016294e-15   1.183236e-04   9.318597e-16   60
  6.546585e-01   6.566420e-15   0.000000e+00   1.690847e-15   24
  6.558634e-01   2.883921e-15   0.000000e+00   5.762112e-16   6
  6.603027e-01   7.847635e-15   0.000000e+00   1.140940e-15   24
  6.606613e-01   6.534945e-15   1.195118e-04   8.224407e-16   48
  6.612586e-01   4.951625e-15   0.000000e+00   8.871244e-16   24
  6.622132e-01   7.617165e-15   7.193062e-09   2.109830e-15   6
  6.676359e-01   9.700934e-15   1.114931e-04   1.185373e-15   36
  6.680300e-01   1.002759e-14   0.000000e+00   2.619690e-15   24
  6.687387e-01   7.696132e-15   0.000000e+00   1.208996e-15   6
  6.749089e-01   7.712973e-15   1.013241e-04   1.339281e-15   32
  6.754351e-01   7.480183e-15   7.193062e-09   1.322618e-15   6
  6.820657e-01   7.818526e-15   0.000000e+00   1.732056e-15   12
  6.822972e-01   8.166126e-15   0.000000e+00   2.641065e-15   6
  6.893201e-01   1.971781e-15   1.017253e-08   6.058416e-16   6
