# power spectrum of delta_kgb
# redshift z=0.000000
# k              Pk             sigma(k)       sigma(Pk)      count
  1.256637e-02   6.627184e-07   0.000000e+00   2.403434e-07   6
  1.777153e-02   5.839156e-06   0.000000e+00   1.262740e-06   12
  2.176559e-02   8.820173e-06   2.384186e-10   2.436995e-06   8
  2.513274e-02   1.608936e-05   0.000000e+00   4.340736e-06   6
  2.809926e-02   2.135361e-05   0.000000e+00   2.711190e-06   24
  3.078120e-02   2.883322e-05   4.495664e-10   5.460995e-06   24
  3.554306e-02   1.421584e-05   0.000000e+00   3.274683e-06   12
  3.769911e-02   4.950103e-05   5.086263e-10   5.458466e-06   30
  3.973835e-02   3.668566e-05   0.000000e+00   6.416715e-06   24
  4.167794e-02   5.260726e-05   7.786718e-10   1.017465e-05   24
  4.353118e-02   1.188850e-04   4.768372e-10   4.116943e-05   8
  4.530869e-02   5.399515e-05   6.357829e-10   9.636902e-06   24
  4.701905e-02   5.638512e-05   0.000000e+00   6.225136e-06   48
  5.026548e-02   5.673364e-05   0.000000e+00   2.666909e-06   6
  5.181247e-02   1.014446e-04   8.991328e-10   1.055707e-05   48
  5.331460e-02   1.042036e-04   0.000000e+00   1.456843e-05   36
  5.477554e-02   5.755403e-05   6.357829e-10   1.441840e-05   24
  5.619852e-02   8.121429e-05   0.000000e+00   1.204420e-05   24
  5.758634e-02   9.323830e-05   0.000000e+00   1.179041e-05   48
  5.894150e-02   1.649020e-04   8.991328e-10   3.017079e-05   24
  6.156239e-02   1.125731e-04   8.991328e-10   2.237778e-05   24
  6.283185e-02   1.448160e-04   0.000000e+00   2.331310e-05   30
  6.407617e-02   1.519140e-04   0.000000e+00   1.442559e-05   72
  6.529678e-02   1.796678e-04   9.536743e-10   2.680556e-05   32
  6.767198e-02   1.415488e-04   0.000000e+00   2.124408e-05   72
  6.882885e-02   1.518451e-04   0.000000e+00   1.856096e-05   48
  7.108613e-02   9.292373e-05   0.000000e+00   1.733938e-05   12
  7.218830e-02   2.038536e-04   0.000000e+00   2.550223e-05   48
  7.327390e-02   2.041679e-04   0.000000e+00   2.792135e-05   48
  7.434365e-02   1.410094e-04   8.991328e-10   1.992747e-05   48
  7.539822e-02   1.527250e-04   1.017253e-09   2.270250e-05   30
  7.643825e-02   1.722739e-04   8.991328e-10   2.436106e-05   24
  7.746431e-02   1.954245e-04   1.895538e-09   1.708750e-05   72
  7.947671e-02   1.751586e-04   0.000000e+00   6.783353e-05   24
  8.046403e-02   2.520603e-04   0.000000e+00   2.289505e-05   96
  8.143939e-02   1.495312e-04   0.000000e+00   2.454632e-05   48
  8.240320e-02   1.876759e-04   1.557344e-09   2.964888e-05   24
  8.335587e-02   3.740423e-04   1.557344e-09   5.959746e-05   24
  8.429778e-02   2.249075e-04   0.000000e+00   2.715946e-05   72
  8.522927e-02   2.434802e-04   0.000000e+00   3.082263e-05   48
  8.706237e-02   3.578760e-04   9.536743e-10   1.175779e-04   8
  8.796459e-02   2.395314e-04   1.130281e-09   2.145107e-05   54
  8.885766e-02   2.843795e-04   0.000000e+00   3.228187e-05   84
  8.974184e-02   1.966928e-04   0.000000e+00   2.552612e-05   48
  9.061739e-02   2.032146e-04   1.271566e-09   4.982285e-05   24
  9.148456e-02   2.294775e-04   1.198844e-09   2.520526e-05   72
  9.234359e-02   2.205424e-04   0.000000e+00   1.831496e-05   96
  9.403811e-02   2.155588e-04   0.000000e+00   2.228748e-05   48
  9.487402e-02   2.114765e-04   0.000000e+00   2.465468e-05   48
  9.570263e-02   1.637673e-04   1.271566e-09   3.472924e-05   24
  9.652412e-02   2.006007e-04   0.000000e+00   2.261747e-05   72
  9.814649e-02   2.440607e-04   1.198844e-09   2.727011e-05   72
  9.894770e-02   2.164844e-04   0.000000e+00   1.865542e-05   96
  1.005310e-01   5.171145e-05   0.000000e+00   2.084195e-05   6
  1.013133e-01   2.373370e-04   0.000000e+00   2.483644e-05   96
  1.020897e-01   2.467241e-04   1.271566e-09   1.902112e-05   96
  1.028602e-01   3.119745e-04   0.000000e+00   5.188466e-05   24
  1.036249e-01   2.525800e-04   1.798266e-09   3.403490e-05   48
  1.043841e-01   1.880072e-04   0.000000e+00   1.687630e-05   96
  1.051378e-01   1.930745e-04   0.000000e+00   2.243623e-05   48
  1.066292e-01   2.736906e-04   0.000000e+00   4.943694e-05   36
  1.073671e-01   1.978205e-04   2.202416e-09   3.530882e-05   48
  1.081000e-01   2.485943e-04   2.491750e-09   2.269875e-05   120
  1.088280e-01   2.997919e-04   0.000000e+00   3.204066e-05   56
  1.095511e-01   1.559551e-04   1.271566e-09   3.495156e-05   24
  1.102695e-01   2.117775e-04   0.000000e+00   1.859192e-05   96
  1.109832e-01   3.141709e-04   0.000000e+00   4.167326e-05   48
  1.123970e-01   2.341082e-04   0.000000e+00   4.315303e-05   24
  1.130973e-01   3.208053e-04   0.000000e+00   2.724323e-05   102
  1.137933e-01   3.784211e-04   0.000000e+00   7.386615e-05   48
  1.144851e-01   4.007145e-04   0.000000e+00   3.480958e-05   72
  1.151727e-01   2.629670e-04   0.000000e+00   3.892573e-05   48
  1.158562e-01   3.868564e-04   0.000000e+00   6.367167e-05   48
  1.165357e-01   3.288745e-04   2.877225e-09   2.955595e-05   120
  1.178830e-01   1.687963e-04   1.798266e-09   3.347686e-05   24
  1.185509e-01   3.119255e-04   1.695421e-09   2.298738e-05   144
  1.192151e-01   2.932384e-04   2.034505e-09   2.485781e-05   120
  1.198755e-01   3.960829e-04   1.798266e-09   5.120338e-05   48
  1.211857e-01   3.097468e-04   1.798266e-09   4.756174e-05   48
  1.218355e-01   3.136580e-04   1.798266e-09   3.451894e-05   96
  1.235512e-01   3.048146e-04   3.015167e-04   4.419583e-05   72
  1.244007e-01   3.382780e-04   2.260561e-09   2.990187e-05   108
  1.250338e-01   2.930264e-04   0.000000e+00   3.140981e-05   72
  1.256637e-01   3.977500e-04   0.000000e+00   4.781650e-05   30
  1.262905e-01   3.770609e-04   0.000000e+00   2.678061e-05   168
  1.269141e-01   4.233489e-04   0.000000e+00   6.486782e-05   48
  1.281523e-01   3.752467e-04   0.000000e+00   3.924921e-05   72
  1.287670e-01   4.376183e-04   0.000000e+00   3.813179e-05   96
  1.293787e-01   3.255080e-04   3.390842e-09   2.834931e-05   72
  1.299875e-01   3.444939e-04   0.000000e+00   3.232281e-05   72
  1.310112e-01   2.799915e-04   2.784031e-04   2.295397e-05   104
  1.317972e-01   3.879469e-04   2.397687e-09   3.162159e-05   144
  1.335824e-01   4.638166e-04   4.021044e-09   4.834496e-05   96
  1.341721e-01   3.110054e-04   0.000000e+00   3.377481e-05   96
  1.351101e-01   3.048800e-04   2.864148e-04   2.808103e-05   120
  1.359261e-01   3.270367e-04   0.000000e+00   3.462754e-05   120
  1.365057e-01   4.427045e-04   0.000000e+00   4.302077e-05   72
  1.376577e-01   4.988761e-04   0.000000e+00   5.936554e-05   48
  1.382301e-01   2.986240e-04   2.710666e-09   2.830913e-05   78
  1.389623e-01   3.235915e-04   2.564571e-04   2.321245e-05   168
  1.404963e-01   3.970273e-04   2.397687e-09   3.860335e-05   144
  1.410572e-01   4.725753e-04   2.397687e-09   3.381331e-05   144
  1.426839e-01   4.235633e-04   1.476986e-04   3.200585e-05   156
  1.432787e-01   3.466208e-04   3.114687e-09   4.374607e-05   48
  1.438287e-01   3.747553e-04   2.034505e-09   3.542957e-05   120
  1.443766e-01   4.267743e-04   0.000000e+00   5.679374e-05   48
  1.453454e-01   3.312242e-04   2.260797e-04   2.143809e-05   216
  1.465478e-01   3.415991e-04   0.000000e+00   5.213966e-05   48
  1.470856e-01   3.085575e-04   1.798266e-09   3.930048e-05   96
  1.478502e-01   3.583378e-04   2.642094e-04   2.618595e-05   168
  1.486873e-01   3.090116e-04   1.798266e-09   3.967867e-05   48
  1.492174e-01   3.550970e-04   0.000000e+00   3.164754e-05   96
  1.497456e-01   2.605461e-04   0.000000e+00   3.304897e-05   48
  1.507964e-01   3.189690e-04   2.034505e-09   4.770151e-05   30
  1.513191e-01   4.353679e-04   1.798266e-09   4.136521e-05   96
  1.519439e-01   3.948639e-04   2.076451e-04   2.518566e-05   240
  1.527472e-01   3.615482e-04   2.240191e-04   7.523704e-05   32
  1.533921e-01   3.053014e-04   0.000000e+00   1.680751e-05   168
  1.539060e-01   4.113017e-04   0.000000e+00   3.145862e-05   120
  1.549286e-01   4.460349e-04   3.791077e-09   5.109986e-05   72
  1.554374e-01   3.809505e-04   2.397687e-09   2.636864e-05   144
  1.559446e-01   3.328977e-04   0.000000e+00   3.581754e-05   96
  1.564501e-01   3.444455e-04   0.000000e+00   3.582899e-05   96
  1.574562e-01   6.301005e-04   2.936555e-09   6.888173e-05   72
  1.579568e-01   3.745546e-04   2.543132e-09   4.778369e-05   96
  1.589534e-01   5.226947e-04   0.000000e+00   1.392522e-04   24
  1.594494e-01   4.373507e-04   0.000000e+00   2.951134e-05   192
  1.600334e-01   3.470457e-04   1.901066e-04   3.200545e-05   132
  1.609281e-01   2.875591e-04   0.000000e+00   2.570554e-05   96
  1.614180e-01   3.212666e-04   0.000000e+00   2.908319e-05   96
  1.619064e-01   3.696197e-04   2.034505e-09   3.339066e-05   120
  1.628788e-01   3.384525e-04   0.000000e+00   4.421115e-05   48
  1.636759e-01   4.266585e-04   2.303939e-04   2.777393e-05   222
  1.643266e-01   3.072220e-04   0.000000e+00   3.740927e-05   120
  1.648064e-01   2.943649e-04   3.114687e-09   5.554769e-05   24
  1.655050e-01   4.298013e-04   2.378000e-04   2.884310e-05   312
  1.670270e-01   4.807970e-04   2.229470e-04   5.092460e-05   72
  1.676563e-01   5.084559e-04   1.798266e-09   6.222474e-05   96
  1.683024e-01   4.036681e-04   2.270407e-04   3.350089e-05   192
  1.690632e-01   3.783304e-04   2.877225e-09   2.681420e-05   120
  1.695296e-01   4.437163e-04   0.000000e+00   3.923451e-05   144
  1.704585e-01   3.615150e-04   0.000000e+00   5.526588e-05   48
  1.711188e-01   3.990600e-04   2.282974e-04   2.117470e-05   336
  1.718425e-01   3.010818e-04   0.000000e+00   2.735418e-05   48
  1.727590e-01   4.130665e-04   0.000000e+00   3.446734e-05   192
  1.732155e-01   2.547042e-04   0.000000e+00   3.155732e-05   48
  1.745129e-01   3.374651e-04   1.584683e-04   3.760887e-05   56
  1.751580e-01   4.150245e-04   2.035272e-04   2.008586e-05   336
  1.759292e-01   4.874381e-04   2.260561e-09   6.595799e-05   54
  1.766010e-01   4.746349e-04   2.235459e-04   3.093609e-05   240
  1.779956e-01   3.474450e-04   2.140470e-04   1.961798e-05   228
  1.786017e-01   3.162374e-04   2.397687e-09   3.036738e-05   72
  1.791900e-01   4.442655e-04   2.076308e-04   3.999467e-05   144
  1.799230e-01   5.616211e-04   0.000000e+00   6.286564e-05   96
  1.803613e-01   3.858819e-04   2.877225e-09   2.649501e-05   240
  1.812348e-01   3.547466e-04   2.543132e-09   6.517582e-05   24
  1.817939e-01   4.473441e-04   1.961057e-04   2.515307e-05   336
  1.825371e-01   3.629265e-04   0.000000e+00   4.900874e-05   72
  1.832154e-01   4.448433e-04   2.133012e-04   3.246617e-05   168
  1.838302e-01   5.843015e-04   0.000000e+00   4.393181e-05   72
  1.846872e-01   4.456809e-04   0.000000e+00   4.444010e-05   96
  1.853509e-01   3.219178e-04   2.117011e-04   2.107840e-05   216
  1.859653e-01   4.446228e-04   2.543132e-09   3.956979e-05   96
  1.868125e-01   4.953284e-04   0.000000e+00   3.669705e-05   192
  1.872347e-01   4.758419e-04   2.397687e-09   3.423635e-05   144
  1.880762e-01   3.419771e-04   0.000000e+00   4.069370e-05   48
  1.886588e-01   4.693768e-04   2.041047e-04   3.174315e-05   246
  1.894505e-01   4.722494e-04   1.881878e-04   3.304450e-05   168
  1.901637e-01   4.639411e-04   3.523866e-09   4.312976e-05   120
  1.905784e-01   4.504766e-04   0.000000e+00   3.156192e-05   240
  1.914053e-01   5.216744e-04   2.543132e-09   6.293336e-05   24
  1.920640e-01   3.957191e-04   2.014384e-04   2.024024e-05   360
  1.928845e-01   5.038731e-04   2.005812e-04   4.301756e-05   120
  1.934568e-01   5.335984e-04   0.000000e+00   4.276044e-05   144
  1.938645e-01   6.262871e-04   0.000000e+00   6.208196e-05   96
  1.950825e-01   4.558957e-04   0.000000e+00   4.175456e-05   144
  1.954868e-01   4.842563e-04   0.000000e+00   3.503131e-05   132
  1.960551e-01   4.213032e-04   1.979707e-04   3.112279e-05   176
  1.968799e-01   3.974320e-04   1.999105e-04   2.327401e-05   312
  1.978954e-01   3.613183e-04   0.000000e+00   3.471706e-05   96
  1.982940e-01   4.306561e-04   0.000000e+00   3.510007e-05   144
  1.989055e-01   4.388182e-04   1.979053e-04   2.283965e-05   312
  1.998804e-01   2.141028e-04   0.000000e+00   2.497878e-05   48
  2.002750e-01   4.688611e-04   2.543132e-09   3.290034e-05   192
  2.010619e-01   8.199582e-04   0.000000e+00   1.501700e-04   6
  2.015848e-01   4.193219e-04   1.845802e-04   2.736515e-05   288
  2.024316e-01   4.066424e-04   1.950210e-04   2.741477e-05   192
  2.030159e-01   4.534775e-04   4.521123e-09   2.797024e-05   216
  2.034045e-01   4.500614e-04   0.000000e+00   5.597453e-05   72
  2.043725e-01   4.052098e-04   1.931689e-04   2.679626e-05   192
  2.050154e-01   4.522378e-04   1.434383e-04   2.590299e-05   288
  2.057204e-01   4.198126e-04   0.000000e+00   8.783238e-05   24
  2.062650e-01   4.029815e-04   1.889681e-04   2.021064e-05   456
  2.072499e-01   5.477406e-04   0.000000e+00   7.764724e-05   48
  2.078585e-01   4.632630e-04   1.861260e-04   2.822766e-05   240
  2.085579e-01   4.010385e-04   1.881013e-04   2.240025e-05   216
  2.091461e-01   5.357138e-04   0.000000e+00   5.597426e-05   72
  2.095233e-01   5.691386e-04   6.498988e-09   4.268012e-05   168
  2.105882e-01   4.379672e-04   1.398129e-04   2.613102e-05   288
  2.111855e-01   4.970168e-04   1.849965e-04   4.232611e-05   168
  2.121448e-01   3.656335e-04   0.000000e+00   3.182005e-05   192
  2.125166e-01   3.845431e-04   2.397687e-09   3.352709e-05   144
  2.132584e-01   6.306256e-04   0.000000e+00   7.546981e-05   36
  2.138874e-01   4.621009e-04   1.689411e-04   2.454193e-05   342
  2.144889e-01   5.298315e-04   1.734820e-04   4.281498e-05   144
  2.152621e-01   4.575106e-04   1.819392e-04   2.743899e-05   384
  2.162000e-01   4.194371e-04   4.983500e-09   3.936436e-05   120
  2.166643e-01   5.636612e-04   1.622368e-04   3.614583e-05   264
  2.172929e-01   4.487600e-04   8.042088e-09   3.594902e-05   192
  2.178848e-01   3.573917e-04   1.748412e-04   3.113460e-05   152
  2.183802e-01   5.379815e-04   2.397687e-09   5.321178e-05   144
  2.194222e-01   4.196215e-04   1.131589e-04   3.168752e-05   216
  2.199045e-01   4.790190e-04   1.512105e-04   2.758721e-05   312
  2.207535e-01   4.743337e-04   1.752500e-04   2.950774e-05   240
  2.212538e-01   3.646231e-04   2.543132e-09   3.906664e-05   96
  2.222033e-01   3.592365e-04   1.675517e-04   3.488254e-05   144
  2.227885e-01   3.504419e-04   1.646885e-04   1.632411e-05   456
  2.237379e-01   3.632480e-04   0.000000e+00   3.236573e-05   120
  2.240905e-01   4.808449e-04   0.000000e+00   4.598986e-05   144
  2.247941e-01   5.610290e-04   0.000000e+00   9.842845e-05   24
  2.252452e-01   4.020145e-04   1.583038e-04   2.145171e-05   336
  2.260253e-01   4.183667e-04   1.745876e-04   2.840263e-05   198
  2.267563e-01   4.347720e-04   1.697764e-04   2.352011e-05   432
  2.275867e-01   8.310430e-04   0.000000e+00   1.484564e-04   48
  2.280199e-01   4.716763e-04   1.498832e-04   2.744511e-05   384
  2.287976e-01   3.997048e-04   1.725473e-04   3.484207e-05   144
  2.295024e-01   5.259671e-04   1.713168e-04   3.553646e-05   264
  2.303454e-01   4.530219e-04   2.543132e-09   5.031166e-05   48
  2.309110e-01   4.353863e-04   1.628943e-04   2.770069e-05   276
  2.314567e-01   4.022540e-04   1.476593e-04   2.689270e-05   192
  2.321860e-01   4.189147e-04   1.659366e-04   1.737222e-05   552
  2.330715e-01   5.013569e-04   2.877225e-09   6.157635e-05   120
  2.335978e-01   4.066255e-04   1.679687e-04   2.749893e-05   216
  2.340855e-01   5.426374e-04   4.069010e-09   5.263829e-05   120
  2.349569e-01   4.770410e-04   1.654080e-04   2.118906e-05   408
  2.357660e-01   2.004427e-04   3.596531e-09   3.163801e-05   24
  2.362678e-01   4.717678e-04   1.670919e-04   2.321223e-05   384
  2.369685e-01   3.843618e-04   1.632547e-04   2.139798e-05   240
  2.375770e-01   4.289862e-04   1.644502e-04   2.389644e-05   168
  2.384301e-01   3.646010e-04   0.000000e+00   4.755242e-05   120
  2.389801e-01   4.102350e-04   1.714308e-04   2.223470e-05   350
  2.398744e-01   5.518864e-04   2.822081e-04   3.310412e-05   384
  2.404088e-01   5.203785e-04   0.000000e+00   5.110482e-05   144
  2.413921e-01   4.208096e-04   0.000000e+00   2.687676e-05   288
  2.419055e-01   4.819737e-04   1.615394e-04   2.823129e-05   336
  2.426039e-01   4.125044e-04   1.470682e-04   3.375111e-05   168
  2.430220e-01   5.183050e-04   6.498988e-09   3.114010e-05   336
  2.438868e-01   3.686107e-04   1.526480e-04   2.603027e-05   288
  2.444062e-01   5.084046e-04   1.438335e-04   3.730874e-05   264
  2.452858e-01   4.667326e-04   0.000000e+00   3.461405e-05   240
  2.456075e-01   3.964064e-04   3.596531e-09   3.693007e-05   96
  2.467620e-01   4.980363e-04   1.956039e-04   2.682632e-05   360
  2.473008e-01   5.647788e-04   1.441936e-04   5.867810e-05   168
  2.479816e-01   4.568388e-04   1.571860e-04   2.338379e-05   456
  2.488014e-01   5.121436e-04   3.196917e-09   5.554230e-05   108
  2.492626e-01   3.595760e-04   1.577159e-04   2.175690e-05   264
  2.498378e-01   3.769585e-04   1.407083e-04   2.203363e-05   264
  2.506256e-01   4.218914e-04   1.327788e-04   2.424289e-05   312
  2.516065e-01   4.415710e-04   9.866910e-05   2.745304e-05   270
  2.520176e-01   5.542392e-04   1.252729e-04   3.797909e-05   240
  2.527567e-01   4.758233e-04   1.549783e-04   3.000239e-05   384
  2.532054e-01   4.312571e-04   3.596531e-09   3.143599e-05   192
  2.540769e-01   4.757407e-04   1.243495e-04   2.952119e-05   240
  2.545825e-01   4.863247e-04   1.534673e-04   2.484230e-05   336
  2.555333e-01   4.655384e-04   1.544942e-04   2.042571e-05   480
  2.563047e-01   7.998795e-04   5.873111e-09   1.474575e-04   72
  2.567356e-01   5.015341e-04   1.506459e-04   3.092156e-05   240
  2.573216e-01   5.034605e-04   1.415865e-04   3.187361e-05   312
  2.579934e-01   3.794473e-04   1.530210e-04   2.402805e-05   240
  2.590086e-01   5.044588e-04   1.162564e-04   2.343063e-05   408
  2.594104e-01   4.669818e-04   1.064628e-04   2.656690e-05   336
  2.601958e-01   5.018245e-04   1.351816e-04   3.363586e-05   264
  2.605818e-01   3.771132e-04   0.000000e+00   3.069683e-05   144
  2.616557e-01   4.168925e-04   1.873697e-04   1.950924e-05   464
  2.622215e-01   4.069250e-04   1.489973e-04   3.100974e-05   168
  2.627801e-01   4.044032e-04   1.357041e-04   2.248494e-05   336
  2.637897e-01   5.088063e-04   1.425837e-04   2.697615e-05   414
  2.643588e-01   4.560128e-04   1.484211e-04   3.203619e-05   216
  2.650879e-01   7.577193e-04   3.596531e-09   7.941047e-05   96
  2.653856e-01   5.127876e-04   8.042088e-09   2.816363e-05   384
  2.664284e-01   5.195762e-04   1.481344e-04   2.462347e-05   492
  2.669873e-01   5.784154e-04   1.448627e-04   4.589753e-05   240
  2.676189e-01   4.022237e-04   1.470864e-04   2.376726e-05   312
  2.684913e-01   4.121277e-04   1.470380e-04   3.725922e-05   192
  2.690439e-01   4.071166e-04   1.424976e-04   2.083166e-05   504
  2.697770e-01   4.274923e-04   9.433586e-05   2.364801e-05   408
  2.703542e-01   4.366712e-04   2.890096e-04   3.813563e-05   168
  2.710765e-01   5.908225e-04   1.372821e-04   3.971433e-05   288
  2.716826e-01   5.348385e-04   1.432656e-04   3.678133e-05   288
  2.723035e-01   3.701853e-04   1.440903e-04   1.854155e-05   432
  2.732042e-01   4.755491e-04   1.362614e-04   3.472198e-05   216
  2.736854e-01   4.404093e-04   1.359739e-04   2.811258e-05   360
  2.745421e-01   4.344345e-04   1.327092e-04   3.032790e-05   312
  2.753154e-01   7.237112e-04   0.000000e+00   9.085155e-05   48
  2.757611e-01   4.653074e-04   1.422834e-04   2.460562e-05   432
  2.765594e-01   4.374607e-04   2.373302e-04   2.086777e-05   414
  2.770308e-01   5.674340e-04   0.000000e+00   3.450640e-05   312
  2.779102e-01   5.176615e-04   2.082441e-04   3.024039e-05   528
  2.785037e-01   5.955046e-04   1.093105e-04   4.036735e-05   264
  2.792167e-01   4.679771e-04   1.296122e-04   2.561508e-05   480
  2.801483e-01   4.698049e-04   0.000000e+00   2.845567e-05   288
  2.805506e-01   4.566381e-04   1.392643e-04   3.636990e-05   168
  2.812867e-01   5.675006e-04   2.204550e-04   3.041114e-05   504
  2.821143e-01   6.446522e-04   3.390842e-09   5.773150e-05   144
  2.826350e-01   4.579448e-04   1.415850e-04   2.370429e-05   464
  2.834173e-01   4.481819e-04   2.077839e-04   2.335325e-05   432
  2.837886e-01   4.883837e-04   0.000000e+00   4.590912e-05   192
  2.847481e-01   4.874115e-04   1.540373e-04   4.160299e-05   396
  2.853147e-01   3.521864e-04   1.383680e-04   2.388193e-05   288
  2.858874e-01   4.372116e-04   1.366839e-04   2.809247e-05   336
  2.868021e-01   4.534615e-04   8.655099e-05   2.729483e-05   432
  2.873827e-01   4.115688e-04   2.243281e-04   2.185854e-05   360
  2.880345e-01   4.301635e-04   1.326934e-04   2.161365e-05   384
  2.889603e-01   4.152351e-04   1.171274e-04   3.143089e-05   198
  2.894063e-01   3.927259e-04   1.331357e-04   1.651961e-05   552
  2.902381e-01   5.080237e-04   1.863809e-04   2.856324e-05   432
  2.909325e-01   5.020748e-04   4.110321e-09   4.111696e-05   168
  2.915153e-01   5.461302e-04   2.310442e-04   3.050990e-05   480
  2.922863e-01   5.314916e-04   4.069010e-09   4.400906e-05   120
  2.926334e-01   5.262102e-04   1.887069e-04   2.936666e-05   336
  2.934802e-01   4.755043e-04   1.331298e-04   2.258366e-05   672
  2.943175e-01   5.013624e-04   1.936554e-04   2.460068e-05   528
  2.947075e-01   3.040534e-04   0.000000e+00   2.526831e-05   168
  2.956085e-01   4.621299e-04   2.160213e-04   2.537671e-05   456
  2.961583e-01   6.306394e-04   1.319260e-04   7.808916e-05   168
  2.967291e-01   4.678770e-04   1.316892e-04   2.397524e-05   504
  2.976778e-01   4.371577e-04   1.694638e-04   3.074032e-05   336
  2.982515e-01   4.841287e-04   1.221633e-04   3.751458e-05   312
  2.988879e-01   5.004255e-04   1.193619e-04   2.707023e-05   504
  2.997254e-01   4.809948e-04   8.281656e-05   2.421909e-05   432
  3.001192e-01   4.113837e-04   1.279790e-04   2.755267e-05   312
  3.009377e-01   4.272571e-04   1.311847e-04   2.202169e-05   384
  3.017923e-01   7.108421e-04   1.114566e-04   7.223145e-05   126
  3.023199e-01   5.103725e-04   1.956913e-04   2.739752e-05   492
  3.029938e-01   5.771500e-04   1.253405e-04   3.262977e-05   528
  3.038360e-01   4.582700e-04   1.273190e-04   2.364647e-05   480
  3.043581e-01   5.493399e-04   1.758905e-04   3.050324e-05   432
  3.051137e-01   4.549048e-04   1.383146e-04   2.610299e-05   440
  3.059913e-01   4.960085e-04   6.878330e-05   3.448335e-05   312
  3.063206e-01   4.593848e-04   1.030775e-04   2.273618e-05   480
  3.069960e-01   4.366542e-04   2.018238e-04   2.123439e-05   408
  3.079829e-01   5.394213e-04   1.208696e-04   3.068380e-05   360
  3.083998e-01   4.543977e-04   1.166348e-04   2.486044e-05   408
  3.091725e-01   4.957328e-04   1.186907e-04   3.013399e-05   456
  3.100425e-01   4.981870e-04   1.134390e-04   3.275102e-05   264
  3.105254e-01   4.722349e-04   1.231098e-04   2.438966e-05   384
  3.112283e-01   4.127695e-04   2.072640e-04   1.725364e-05   672
  3.120409e-01   5.894197e-04   1.239707e-04   4.556675e-05   240
  3.125099e-01   4.429119e-04   1.257992e-04   2.835633e-05   264
  3.131717e-01   3.710648e-04   1.551526e-04   1.688968e-05   624
  3.141593e-01   4.212640e-04   0.000000e+00   4.325798e-05   150
  3.145109e-01   5.572466e-04   1.738607e-04   2.525353e-05   600
  3.152524e-01   6.264817e-04   1.199942e-04   3.388885e-05   672
  3.160921e-01   4.681109e-04   1.128630e-04   2.622838e-05   336
  3.165599e-01   5.385703e-04   1.227621e-04   2.949950e-05   408
  3.173072e-01   4.922172e-04   1.224729e-04   2.792382e-05   408
  3.181385e-01   5.476038e-04   6.192886e-05   3.397035e-05   360
  3.186510e-01   5.006175e-04   2.273829e-04   2.966853e-05   456
  3.192699e-01   5.086949e-04   1.236522e-04   2.884809e-05   384
  3.200577e-01   3.497323e-04   1.141466e-04   1.931662e-05   348
  3.204835e-01   5.752404e-04   1.407202e-04   2.789556e-05   576
  3.212832e-01   4.758604e-04   1.158646e-04   2.420135e-05   504
  3.221013e-01   4.972227e-04   1.634203e-04   2.619735e-05   432
  3.228154e-01   5.293045e-04   2.223325e-04   2.745803e-05   576
  3.233247e-01   4.077297e-04   5.231318e-09   3.172109e-05   264
  3.241325e-01   4.626306e-04   1.769212e-04   1.708616e-05   768
  3.248351e-01   3.498709e-04   2.381921e-04   2.089497e-05   240
  3.253937e-01   4.636624e-04   2.100629e-04   3.990764e-05   192
  3.262073e-01   4.174229e-04   1.546319e-04   2.164382e-05   504
  3.268108e-01   5.224659e-04   2.083724e-04   2.261392e-05   590
  3.273894e-01   5.671198e-04   2.334698e-04   4.924981e-05   384
  3.281151e-01   4.966527e-04   1.951120e-04   2.774012e-05   504
  3.289911e-01   5.073053e-04   1.877651e-04   2.651814e-05   648
  3.298409e-01   4.488040e-04   5.099453e-05   2.642471e-05   504
  3.301835e-01   5.086516e-04   1.163281e-04   4.045754e-05   312
  3.307884e-01   5.451407e-04   1.676002e-04   2.454256e-05   576
  3.316189e-01   5.225505e-04   1.166339e-04   3.355780e-05   240
  3.321030e-01   4.132181e-04   1.178530e-04   2.010847e-05   552
  3.327882e-01   5.181155e-04   1.106612e-04   2.634379e-05   600
  3.337643e-01   4.785165e-04   1.351639e-04   3.081620e-05   600
  3.343511e-01   4.204938e-04   2.164544e-04   2.973769e-05   312
  3.349356e-01   5.027426e-04   1.885103e-04   2.738879e-05   480
  3.356656e-01   4.051308e-04   1.176123e-04   1.993521e-05   576
  3.363084e-01   4.909310e-04   1.893814e-04   2.989907e-05   408
  3.368787e-01   3.053555e-04   2.209222e-04   2.286931e-05   216
  3.376156e-01   4.486221e-04   1.692015e-04   2.144303e-05   516
  3.384050e-01   4.601830e-04   1.614354e-04   2.117602e-05   744
  3.392194e-01   5.419672e-04   1.078246e-04   2.826841e-05   462
  3.396796e-01   4.627231e-04   1.095881e-04   2.917665e-05   432
  3.403934e-01   5.387547e-04   1.016670e-04   3.116073e-05   648
  3.412327e-01   5.527767e-04   1.487578e-04   3.831862e-05   528
  3.419069e-01   4.969995e-04   1.791415e-04   2.422859e-05   600
  3.425805e-01   7.129516e-04   2.258506e-04   5.689627e-05   240
  3.432329e-01   4.908261e-04   1.729994e-04   2.425383e-05   720
  3.439912e-01   5.335990e-04   1.368738e-04   2.626044e-05   720
  3.448318e-01   3.279257e-04   0.000000e+00   3.078125e-05   144
  3.452742e-01   4.915095e-04   1.764713e-04   2.289930e-05   720
  3.459035e-01   4.716447e-04   1.058157e-04   2.698256e-05   384
  3.466913e-01   4.188482e-04   1.173023e-04   1.881182e-05   672
  3.474387e-01   5.620801e-04   2.053834e-04   4.318392e-05   336
  3.477957e-01   4.226945e-04   4.795375e-09   2.874415e-05   288
  3.486699e-01   4.341888e-04   1.625472e-04   1.749559e-05   776
  3.494792e-01   4.220704e-04   1.390838e-04   1.820822e-05   720
  3.501588e-01   3.937607e-04   1.120422e-04   2.040959e-05   432
  3.507024e-01   4.534945e-04   1.597303e-04   2.536461e-05   504
  3.513071e-01   4.688557e-04   1.119137e-04   2.398994e-05   528
  3.521533e-01   4.853987e-04   1.524759e-04   3.246829e-05   438
  3.528495e-01   5.427964e-04   1.774680e-04   2.869369e-05   624
  3.533741e-01   5.566607e-04   2.173744e-04   5.327687e-05   312
  3.540952e-01   5.098555e-04   1.171159e-04   2.084879e-05   696
  3.548410e-01   4.938187e-04   1.059686e-04   2.360241e-05   552
  3.556166e-01   4.346992e-04   8.198436e-05   2.764966e-05   516
  3.560964e-01   6.199446e-04   1.637576e-04   4.318134e-05   528
  3.566805e-01   3.510160e-04   1.064960e-04   1.628656e-05   528
  3.575102e-01   4.893965e-04   1.404467e-04   2.025977e-05   864
  3.580734e-01   5.734691e-04   1.923830e-04   4.862367e-05   408
  3.586372e-01   6.305218e-04   1.906039e-04   4.251618e-05   192
  3.594362e-01   4.635537e-04   1.577339e-04   2.352795e-05   720
  3.601108e-01   4.640477e-04   1.454384e-04   2.081007e-05   696
  3.609123e-01   4.667261e-04   1.570748e-04   2.175210e-05   720
  3.616456e-01   4.744281e-04   2.128961e-04   2.792332e-05   432
  3.620733e-01   3.767411e-04   1.253189e-04   2.505331e-05   264
  3.628427e-01   4.526105e-04   1.730599e-04   2.195213e-05   672
  3.635310e-01   4.256446e-04   1.771868e-04   1.989418e-05   600
  3.643477e-01   4.049248e-04   1.037427e-04   3.344062e-05   270
  3.647594e-01   4.904074e-04   1.561617e-04   3.199979e-05   528
  3.654138e-01   6.138371e-04   1.069340e-04   2.957007e-05   840
  3.663112e-01   5.543275e-04   2.044769e-04   2.670203e-05   888
  3.671403e-01   4.918704e-04   1.523504e-04   2.650644e-05   744
  3.678411e-01   4.922964e-04   7.828584e-05   2.651461e-05   456
  3.681896e-01   6.189428e-04   1.069824e-04   4.411412e-05   360
  3.687860e-01   4.924918e-04   9.269427e-05   3.600679e-05   384
  3.697011e-01   5.410901e-04   1.486807e-04   2.403604e-05   816
  3.703877e-01   4.854549e-04   2.157150e-04   2.228185e-05   824
  3.712223e-01   6.047025e-04   1.002746e-04   5.777868e-05   360
  3.716692e-01   5.292335e-04   1.479676e-04   2.955247e-05   624
  3.722842e-01   5.440701e-04   9.998850e-05   2.849828e-05   360
  3.731036e-01   4.363966e-04   1.360137e-04   1.904278e-05   876
  3.738436e-01   4.834169e-04   1.615436e-04   2.237327e-05   696
  3.745899e-01   3.867161e-04   1.043143e-04   2.433410e-05   336
  3.749811e-01   4.787495e-04   1.041971e-04   2.893807e-05   504
  3.756273e-01   4.860471e-04   1.051000e-04   2.460481e-05   672
  3.765859e-01   4.520369e-04   2.092296e-04   1.678155e-05   720
  3.772508e-01   5.265367e-04   1.580506e-04   2.632667e-05   774
  3.779846e-01   7.215590e-04   9.046409e-05   5.790475e-05   384
  3.783690e-01   5.389919e-04   1.740917e-04   2.885523e-05   528
  3.789655e-01   5.699300e-04   1.659191e-04   2.958999e-05   744
  3.799249e-01   4.764788e-04   1.368481e-04   1.994379e-05   768
  3.805620e-01   5.630379e-04   1.536223e-04   3.832002e-05   552
  3.813568e-01   4.688639e-04   1.674309e-04   2.184719e-05   696
  3.819481e-01   7.603503e-04   2.034577e-04   5.763580e-05   408
  3.824174e-01   5.539057e-04   8.789532e-05   3.333539e-05   504
  3.831615e-01   5.113778e-04   1.579007e-04   2.153735e-05   888
  3.838937e-01   4.635212e-04   1.641044e-04   2.229707e-05   648
  3.846547e-01   5.570008e-04   1.626978e-04   2.983178e-05   648
  3.853707e-01   5.616020e-04   1.754281e-04   2.842316e-05   792
  3.861291e-01   4.664341e-04   2.566633e-04   2.259902e-05   600
  3.866880e-01   4.795398e-04   1.739428e-04   3.374700e-05   456
  3.872762e-01   4.760107e-04   8.477229e-05   2.674110e-05   648
  3.880317e-01   4.658254e-04   1.653183e-04   1.789138e-05   936
  3.888474e-01   5.736883e-04   1.015268e-04   3.860220e-05   384
  3.895575e-01   5.057615e-04   0.000000e+00   4.980587e-05   198
  3.901055e-01   5.408433e-04   2.575821e-04   2.367883e-05   1224
  3.906966e-01   7.461498e-04   1.875990e-04   5.494352e-05   420
  3.913957e-01   6.046449e-04   1.815566e-04   3.396916e-05   792
  3.920793e-01   5.767751e-04   1.501318e-04   3.030552e-05   680
  3.928594e-01   5.946154e-04   1.378581e-04   3.438788e-05   600
  3.934870e-01   5.155469e-04   1.999321e-04   2.274349e-05   840
  3.943251e-01   4.636869e-04   9.439865e-05   2.844471e-05   432
  3.946454e-01   6.211735e-04   8.846397e-05   3.298667e-05   720
  3.953417e-01   4.630700e-04   1.771778e-04   1.714385e-05   960
  3.962077e-01   5.211085e-04   1.579411e-04   3.857812e-05   528
  3.968405e-01   5.408180e-04   1.614459e-04   2.743672e-05   624
  3.975938e-01   5.985365e-04   1.268954e-04   3.031622e-05   816
  3.983415e-01   4.647377e-04   2.086821e-04   2.354986e-05   696
  3.991678e-01   3.944254e-04   5.754450e-09   3.354735e-05   240
  3.994784e-01   5.084916e-04   1.230648e-04   2.738269e-05   672
  4.001719e-01   4.813858e-04   2.199344e-04   2.519155e-05   864
  4.009498e-01   4.547378e-04   1.687640e-04   2.339622e-05   816
  4.016509e-01   4.292089e-04   9.659469e-05   2.249805e-05   648
  4.024060e-01   5.744188e-04   9.873737e-05   2.973898e-05   843
  4.030471e-01   4.975128e-04   1.776528e-04   3.084213e-05   780
  4.038111e-01   4.856956e-04   9.532520e-05   4.971927e-05   216
  4.042823e-01   5.421265e-04   2.298663e-04   2.615294e-05   1056
  4.050071e-01   4.593694e-04   1.880564e-04   4.174474e-05   228
  4.056781e-01   6.095595e-04   2.341349e-04   3.431232e-05   924
  4.063670e-01   5.187396e-04   8.685094e-05   2.233321e-05   696
  4.070964e-01   4.960511e-04   1.545698e-04   2.697930e-05   996
  4.078428e-01   3.834141e-04   9.125493e-05   2.044382e-05   576
  4.086192e-01   5.278919e-04   1.408459e-04   3.566321e-05   552
  4.091852e-01   6.005695e-04   1.681651e-04   3.262834e-05   516
  4.097596e-01   5.022662e-04   2.445470e-04   2.132502e-05   744
  4.104159e-01   4.398297e-04   1.199649e-04   1.999553e-05   576
  4.109868e-01   4.944316e-04   1.234742e-04   2.592866e-05   792
  4.117982e-01   4.945987e-04   1.411539e-04   2.211770e-05   792
  4.123927e-01   5.157673e-04   1.522330e-04   2.694129e-05   720
  4.131968e-01   4.877246e-04   1.735107e-04   2.316358e-05   656
  4.139503e-01   4.129298e-04   1.894646e-04   1.556534e-05   816
  4.147227e-01   4.070769e-04   1.021561e-04   2.607083e-05   492
  4.151618e-01   4.557564e-04   1.469588e-04   2.437446e-05   552
  4.159858e-01   4.255563e-04   2.555435e-04   2.163385e-05   780
  4.165209e-01   4.550282e-04   1.569773e-04   2.608382e-05   528
  4.170975e-01   3.766387e-04   1.832403e-04   1.766436e-05   600
  4.179472e-01   4.907925e-04   1.522872e-04   2.016021e-05   900
  4.185329e-01   4.063353e-04   8.430879e-05   1.985037e-05   696
  4.193388e-01   4.155599e-04   2.131780e-04   2.198799e-05   696
  4.201183e-01   3.744760e-04   8.648430e-05   2.072375e-05   552
  4.207739e-01   3.868875e-04   1.005733e-04   1.794363e-05   708
  4.214606e-01   4.071635e-04   1.660522e-04   1.750437e-05   876
  4.221752e-01   5.636962e-04   8.817041e-05   5.326966e-05   216
  4.226547e-01   4.310663e-04   2.411580e-04   1.598366e-05   1032
  4.233729e-01   3.695533e-04   2.685028e-04   1.983883e-05   600
  4.241182e-01   3.680575e-04   1.281196e-04   2.105236e-05   600
  4.246868e-01   4.212542e-04   2.262472e-04   2.016451e-05   528
  4.253589e-01   3.843616e-04   1.241998e-04   1.782538e-05   732
  4.260669e-01   4.330394e-04   9.171027e-05   2.454045e-05   336
  4.268820e-01   4.016992e-04   1.307053e-04   1.475661e-05   912
  4.274911e-01   3.193098e-04   1.311885e-04   1.324394e-05   624
  4.281565e-01   3.866195e-04   1.105498e-04   1.897764e-05   768
  4.289333e-01   4.152308e-04   1.994537e-04   1.754962e-05   792
  4.296957e-01   4.076126e-04   9.888090e-05   1.883052e-05   660
  4.302382e-01   4.215291e-04   1.457169e-04   2.603185e-05   504
  4.307992e-01   3.579947e-04   2.380735e-04   1.846359e-05   480
  4.316401e-01   3.396644e-04   2.201870e-04   1.154471e-05   912
  4.322985e-01   3.780999e-04   2.452123e-04   3.042726e-05   432
  4.329203e-01   3.869718e-04   1.456013e-04   1.849617e-05   564
  4.334724e-01   3.846587e-04   1.393605e-04   1.803178e-05   600
  4.342496e-01   3.919600e-04   1.942553e-04   1.365038e-05   876
  4.348334e-01   3.729716e-04   8.734307e-05   2.778154e-05   264
  4.356382e-01   3.538440e-04   1.694799e-04   1.670707e-05   560
  4.362850e-01   3.316639e-04   1.151652e-04   1.220210e-05   840
  4.370702e-01   3.469411e-04   1.775516e-04   1.323833e-05   1008
  4.377963e-01   3.262889e-04   7.942467e-05   1.573894e-05   456
  4.384595e-01   3.729432e-04   1.028834e-04   1.529581e-05   576
  4.390725e-01   3.274427e-04   1.580913e-04   1.402782e-05   612
  4.398809e-01   3.739538e-04   1.412012e-04   1.513452e-05   780
  4.405404e-01   3.776416e-04   1.618102e-04   1.596196e-05   648
  4.412155e-01   3.368106e-04   7.540562e-05   1.972843e-05   312
  4.416470e-01   2.989906e-04   1.915933e-04   1.262510e-05   528
  4.423945e-01   3.317456e-04   2.502113e-04   1.266544e-05   720
  4.431093e-01   3.434139e-04   2.509948e-04   1.799204e-05   576
  4.439759e-01   3.184415e-04   2.165154e-04   1.527770e-05   444
  4.445151e-01   3.537303e-04   2.123318e-04   1.250821e-05   996
  4.451759e-01   3.069097e-04   1.773610e-04   1.701061e-05   432
  4.458005e-01   3.763074e-04   1.941754e-04   1.891939e-05   504
  4.463400e-01   2.926052e-04   8.754449e-05   1.346186e-05   504
  4.471082e-01   3.813717e-04   1.722886e-04   1.331987e-05   876
  4.478033e-01   3.142280e-04   1.982878e-04   1.477816e-05   504
  4.485271e-01   3.042671e-04   1.264576e-04   1.352943e-05   696
  4.491253e-01   3.228674e-04   1.081079e-04   1.645714e-05   492
  4.499392e-01   3.110206e-04   1.547618e-04   1.756600e-05   432
  4.505420e-01   3.295859e-04   1.449174e-04   1.243121e-05   768
  4.512567e-01   3.267552e-04   1.805141e-04   1.414632e-05   648
  4.519390e-01   2.988973e-04   1.177661e-04   2.070077e-05   456
  4.527231e-01   3.412493e-04   1.619475e-04   1.593699e-05   552
  4.532676e-01   3.304133e-04   1.109989e-04   1.357618e-05   648
  4.540170e-01   3.166048e-04   1.809220e-04   1.133686e-05   840
  4.547491e-01   3.344586e-04   8.627791e-05   1.769367e-05   432
  4.554820e-01   3.076350e-04   1.056757e-04   1.352276e-05   600
  4.559917e-01   3.631505e-04   1.125905e-04   1.946390e-05   432
  4.568479e-01   3.985175e-04   1.120948e-04   1.717602e-05   560
  4.574277e-01   3.026288e-04   1.774344e-04   9.903394e-06   840
  4.581537e-01   2.840220e-04   1.050970e-04   1.389999e-05   504
  4.587303e-01   3.024357e-04   2.144966e-04   1.383988e-05   696
  4.595432e-01   3.739894e-04   1.171504e-04   2.264865e-05   384
  4.601763e-01   3.149861e-04   1.716116e-04   1.444194e-05   576
  4.609420e-01   3.102533e-04   1.059101e-04   1.854156e-05   360
  4.615593e-01   3.345305e-04   1.577258e-04   1.274415e-05   828
  4.622251e-01   2.877546e-04   1.404841e-04   1.502975e-05   372
  4.628352e-01   3.392493e-04   2.145462e-04   1.328512e-05   576
  4.636434e-01   3.123530e-04   8.985170e-05   1.335905e-05   636
  4.642192e-01   3.344453e-04   1.732109e-04   1.364926e-05   648
  4.649981e-01   2.578606e-04   1.408015e-04   1.215818e-05   576
  4.655573e-01   3.435579e-04   2.271277e-04   1.663364e-05   528
  4.663010e-01   2.982610e-04   9.710647e-05   1.668502e-05   360
  4.669165e-01   3.202292e-04   2.233813e-04   1.187420e-05   672
  4.677203e-01   3.493429e-04   1.144196e-04   1.246565e-05   804
  4.683893e-01   3.236055e-04   1.262185e-04   1.480065e-05   408
  4.691293e-01   3.233664e-04   7.801673e-05   1.653837e-05   384
  4.696276e-01   2.850732e-04   1.785323e-04   1.401226e-05   480
  4.703304e-01   3.425316e-04   1.153580e-04   1.767721e-05   432
  4.710045e-01   3.137255e-04   2.125802e-04   1.200973e-05   648
  4.718024e-01   3.460728e-04   1.319050e-04   1.309156e-05   624
  4.723861e-01   2.922607e-04   1.199787e-04   1.258740e-05   456
  4.731831e-01   2.455581e-04   1.639016e-04   1.040313e-05   588
  4.737172e-01   3.089282e-04   1.045685e-04   1.289986e-05   600
  4.744970e-01   3.302005e-04   1.631013e-04   1.401728e-05   708
  4.751130e-01   3.313812e-04   1.027507e-04   1.872096e-05   360
  4.757936e-01   3.200130e-04   1.181146e-04   1.424383e-05   552
  4.764461e-01   2.742946e-04   8.286020e-05   1.658187e-05   288
  4.771085e-01   3.133735e-04   1.557998e-04   1.351736e-05   528
  4.777309e-01   3.056336e-04   1.051098e-04   1.663574e-05   456
  4.784262e-01   3.076735e-04   1.863824e-04   1.272494e-05   608
  4.791256e-01   3.019193e-04   9.017389e-05   1.504922e-05   504
  4.798898e-01   2.313626e-04   1.935982e-04   1.297416e-05   540
  4.804891e-01   3.539249e-04   2.078222e-04   1.794245e-05   360
  4.811350e-01   3.084939e-04   9.411255e-05   1.623470e-05   540
  4.817063e-01   3.124759e-04   8.080679e-05   1.683389e-05   576
  4.825371e-01   3.198214e-04   1.873635e-04   1.298768e-05   588
  4.833270e-01   3.221706e-04   2.585051e-04   1.452159e-05   672
  4.840056e-01   3.107705e-04   1.975777e-04   1.275138e-05   552
  4.845526e-01   3.392334e-04   1.976776e-04   3.007241e-05   144
  4.852507e-01   3.122306e-04   1.679474e-04   1.308761e-05   600
  4.859125e-01   2.920724e-04   2.104747e-04   1.404562e-05   504
  4.866470e-01   2.849652e-04   2.162000e-04   1.667107e-05   336
  4.874196e-01   3.244898e-04   2.430098e-04   1.377547e-05   600
  4.881116e-01   3.027932e-04   1.568306e-04   1.238255e-05   636
  4.888585e-01   2.859781e-04   1.260932e-04   1.485192e-05   384
  4.893821e-01   3.325835e-04   1.758851e-04   1.599187e-05   504
  4.901368e-01   2.264572e-04   7.381652e-05   1.506086e-05   240
  4.907324e-01   3.043562e-04   1.734055e-04   1.111035e-05   744
  4.914470e-01   2.911692e-04   1.184096e-04   1.212389e-05   648
  4.920821e-01   4.730348e-04   7.860381e-05   4.735883e-05   120
  4.928265e-01   3.261917e-04   1.234764e-04   1.554219e-05   564
  4.933890e-01   3.139007e-04   1.939271e-04   1.569548e-05   432
  4.941396e-01   2.964423e-04   1.505258e-04   1.404950e-05   480
  4.947049e-01   2.810950e-04   1.107908e-04   1.356042e-05   456
  4.953721e-01   3.342408e-04   1.833424e-04   1.562155e-05   444
  4.961293e-01   2.664258e-04   2.805235e-04   1.195008e-05   528
  4.967944e-01   2.679472e-04   2.083390e-04   1.648464e-05   264
  4.974399e-01   3.256862e-04   2.135165e-04   1.693432e-05   444
  4.983082e-01   3.614695e-04   2.338759e-04   1.513439e-05   696
  4.990289e-01   2.973419e-04   1.250847e-04   1.417773e-05   384
  4.995560e-01   3.002886e-04   1.580550e-04   1.655427e-05   432
  5.003759e-01   3.438544e-04   1.092086e-04   1.687183e-05   488
  5.009082e-01   3.346704e-04   1.645909e-04   1.547910e-05   480
  5.016800e-01   2.760535e-04   1.835529e-04   1.541959e-05   480
  5.022777e-01   3.053089e-04   7.701318e-05   2.050576e-05   240
  5.029563e-01   3.227581e-04   1.798967e-04   1.544474e-05   600
  5.035964e-01   2.934554e-04   1.567616e-04   2.203915e-05   288
  5.042780e-01   3.129609e-04   1.507931e-04   1.332958e-05   480
  5.049682e-01   2.862167e-04   2.682341e-04   1.426275e-05   504
  5.056479e-01   3.335679e-04   1.150891e-04   2.385177e-05   216
  5.065146e-01   3.328687e-04   1.884192e-04   1.599646e-05   504
  5.071897e-01   2.965486e-04   1.515464e-04   1.692169e-05   456
  5.079286e-01   2.827808e-04   8.691443e-05   1.445609e-05   384
  5.084180e-01   3.321157e-04   1.764049e-04   1.570023e-05   480
  5.091134e-01   2.958596e-04   1.549032e-04   1.299313e-05   504
  5.097578e-01   2.982506e-04   9.826093e-05   2.072318e-05   312
  5.104521e-01   3.024710e-04   1.583441e-04   1.531661e-05   492
  5.110667e-01   3.606714e-04   1.484108e-04   2.335762e-05   312
  5.118579e-01   3.043849e-04   2.410815e-04   1.266886e-05   576
  5.125543e-01   3.315010e-04   2.225378e-04   2.025610e-05   336
  5.131328e-01   2.603014e-04   1.713438e-04   1.929990e-05   240
  5.139346e-01   2.882458e-04   2.271584e-04   1.424296e-05   468
  5.146270e-01   2.824045e-04   1.422340e-04   2.292593e-05   192
  5.153517e-01   2.980468e-04   1.426580e-04   1.648140e-05   324
  5.158828e-01   2.920814e-04   1.035388e-04   1.245917e-05   600
  5.166066e-01   3.083443e-04   1.679811e-04   1.457680e-05   456
  5.171442e-01   2.834264e-04   7.555790e-05   1.637694e-05   336
  5.180350e-01   3.146757e-04   2.262417e-04   1.531199e-05   612
  5.186832e-01   2.751893e-04   1.898719e-04   2.665876e-05   144
  5.192961e-01   3.710422e-04   2.216292e-04   1.762190e-05   552
  5.201296e-01   2.609145e-04   8.728032e-05   1.446392e-05   264
  5.206006e-01   3.148481e-04   2.020762e-04   1.617891e-05   336
  5.213435e-01   2.612604e-04   1.335250e-04   1.469087e-05   384
  5.219878e-01   3.113581e-04   7.516140e-05   2.760821e-05   216
  5.227010e-01   2.531931e-04   1.593577e-04   1.713626e-05   344
  5.233513e-01   2.954550e-04   2.377692e-04   1.529942e-05   408
  5.241438e-01   2.828562e-04   1.827101e-04   2.040014e-05   264
  5.248460e-01   3.252800e-04   2.547069e-04   1.480648e-05   612
  5.255476e-01   3.517468e-04   1.310917e-04   1.948846e-05   408
  5.262692e-01   2.704898e-04   1.312801e-04   1.355231e-05   444
  5.267993e-01   4.069709e-04   7.342396e-05   3.916343e-05   120
  5.275096e-01   3.613188e-04   2.028570e-04   2.189568e-05   336
  5.280368e-01   2.630129e-04   7.049199e-05   1.508491e-05   288
  5.287493e-01   3.215051e-04   2.193723e-04   1.520269e-05   552
  5.297288e-01   2.903068e-04   1.174622e-08   3.260095e-05   72
  5.302324e-01   3.036138e-04   2.178926e-04   1.350924e-05   504
  5.308207e-01   2.258818e-04   7.011571e-05   1.411028e-05   216
  5.315829e-01   3.137485e-04   1.251868e-04   1.969249e-05   312
  5.322672e-01   2.616728e-04   1.425448e-04   1.458910e-05   336
  5.329194e-01   3.407212e-04   1.975831e-04   3.335806e-05   204
  5.335689e-01   3.607042e-04   2.296216e-04   1.927403e-05   504
  5.342577e-01   3.858192e-04   2.186657e-04   2.266156e-05   396
  5.349201e-01   3.396205e-04   2.005279e-04   2.486237e-05   312
  5.357232e-01   3.560841e-04   1.225440e-04   2.728781e-05   216
  5.362890e-01   3.102825e-04   6.650698e-05   2.225883e-05   168
  5.369766e-01   3.267099e-04   1.679338e-04   1.487097e-05   588
  5.377613e-01   2.768811e-04   2.279505e-04   2.193909e-05   240
  5.383710e-01   2.871287e-04   2.013185e-04   2.317105e-05   264
  5.390860e-01   3.249743e-04   2.489717e-04   2.001407e-05   288
  5.397204e-01   2.708619e-04   1.243261e-04   1.620453e-05   288
  5.405244e-01   3.207180e-04   1.167620e-04   1.972330e-05   288
  5.410658e-01   2.748867e-04   1.352591e-04   2.072166e-05   192
  5.417469e-01   2.244347e-04   1.439292e-04   1.487081e-05   264
  5.423957e-01   4.427181e-04   2.367436e-04   2.540393e-05   372
  5.430940e-01   3.639504e-04   2.556933e-04   1.974754e-05   360
  5.439463e-01   3.735438e-04   1.082118e-04   3.842502e-05   144
  5.443868e-01   3.104547e-04   1.503015e-04   2.232439e-05   296
  5.450821e-01   2.906967e-04   1.619421e-04   1.822661e-05   288
  5.458782e-01   3.466374e-04   2.420184e-04   1.677622e-05   480
  5.465649e-01   3.067942e-04   2.010942e-04   3.126629e-05   192
  5.472326e-01   3.800721e-04   2.157009e-04   2.601699e-05   192
  5.478395e-01   2.707726e-04   1.374687e-04   1.659811e-05   288
  5.486835e-01   2.728926e-04   1.196646e-04   2.802011e-05   108
  5.491087e-01   3.220205e-04   1.150429e-04   2.185581e-05   240
  5.498595e-01   2.656551e-04   2.146152e-04   1.651889e-05   384
  5.506307e-01   2.942867e-04   2.618062e-04   3.276525e-05   108
  5.513127e-01   4.160129e-04   1.535018e-04   2.359619e-05   348
  5.520298e-01   3.044463e-04   1.602006e-04   2.195054e-05   312
  5.526703e-01   3.124147e-04   1.556684e-04   3.527821e-05   96
  5.532593e-01   3.531105e-04   2.072444e-04   2.282889e-05   384
  5.539190e-01   2.594180e-04   1.425422e-04   1.906332e-05   144
  5.545642e-01   2.881986e-04   2.190224e-04   1.592007e-05   408
  5.553663e-01   2.957811e-04   9.769946e-05   2.470396e-05   144
  5.561240e-01   3.405461e-04   1.878283e-04   3.101126e-05   192
  5.565734e-01   2.709113e-04   2.114042e-04   2.490404e-05   144
  5.573059e-01   3.404842e-04   1.718794e-04   3.227872e-05   144
  5.579969e-01   3.173392e-04   2.100644e-04   1.830714e-05   336
  5.588433e-01   2.156597e-04   1.554210e-04   1.413815e-05   240
  5.593800e-01   2.981989e-04   7.057532e-05   3.025045e-05   96
  5.601284e-01   4.111348e-04   2.069634e-04   2.339840e-05   372
  5.608856e-01   3.267581e-04   2.461786e-04   3.380885e-05   132
  5.615507e-01   2.614257e-04   1.523323e-04   1.553236e-05   264
  5.621457e-01   3.644953e-04   1.169843e-04   3.523980e-05   168
  5.627807e-01   2.921318e-04   1.870354e-04   1.928385e-05   216
  5.633417e-01   3.045784e-04   1.144306e-04   2.216535e-05   216
  5.641586e-01   2.291180e-04   2.099325e-04   2.126917e-05   96
  5.648999e-01   3.519451e-04   1.369618e-04   3.749971e-05   120
  5.655797e-01   2.437477e-04   1.741170e-04   1.696400e-05   216
  5.661397e-01   3.067245e-04   7.608972e-05   2.789451e-05   200
  5.668812e-01   3.094111e-04   1.969636e-04   2.104227e-05   288
  5.678322e-01   1.940413e-04   5.182495e-05   1.628956e-05   144
  5.682326e-01   2.657377e-04   1.612761e-04   2.241370e-05   168
  5.690504e-01   3.920751e-04   1.815012e-04   5.251978e-05   159
  5.696887e-01   2.786267e-04   1.904384e-04   2.055490e-05   174
  5.703065e-01   3.365088e-04   1.726829e-04   2.896147e-05   144
  5.711154e-01   3.415480e-04   9.971188e-05   2.622543e-05   222
  5.716564e-01   2.590309e-04   1.006181e-04   1.796937e-05   168
  5.725909e-01   3.720896e-04   2.206942e-04   5.548488e-05   30
  5.729769e-01   1.829566e-04   1.948567e-04   1.594518e-05   72
  5.737039e-01   3.035197e-04   1.739073e-04   1.781837e-05   258
  5.745032e-01   2.543622e-04   1.089226e-04   1.586945e-05   264
  5.749029e-01   2.390075e-04   0.000000e+00   2.292277e-05   72
  5.757357e-01   2.292429e-04   2.158892e-04   1.810283e-05   174
  5.764898e-01   2.564222e-04   2.298822e-04   3.253136e-05   168
  5.770961e-01   2.108810e-04   7.193062e-09   2.744928e-05   48
  5.777470e-01   2.643554e-04   1.298199e-04   2.288288e-05   150
  5.785016e-01   3.094374e-04   2.388130e-04   2.397300e-05   168
  5.792583e-01   3.156093e-04   1.454738e-04   2.700485e-05   144
  5.799541e-01   3.737705e-04   1.359056e-04   4.734346e-05   102
  5.804724e-01   2.161586e-04   2.011636e-04   1.882742e-05   96
  5.812948e-01   2.323819e-04   1.996414e-04   1.888665e-05   120
  5.819038e-01   2.243903e-04   2.141206e-04   1.697199e-05   168
  5.825625e-01   4.161451e-04   1.581111e-04   3.909214e-05   126
  5.831237e-01   2.780952e-04   1.192474e-04   2.127650e-05   168
  5.838969e-01   2.740217e-04   1.912134e-04   3.688751e-05   72
  5.845726e-01   2.622349e-04   2.394418e-04   2.122442e-05   168
  5.851646e-01   2.379483e-04   6.564276e-05   2.728838e-05   78
  5.859757e-01   2.554906e-04   1.077805e-04   2.869127e-05   60
  5.866288e-01   4.191711e-04   1.748374e-04   4.343551e-05   96
  5.873062e-01   2.489937e-04   2.121507e-04   1.694727e-05   168
  5.879428e-01   2.521237e-04   1.342407e-04   3.175872e-05   86
  5.886107e-01   1.870593e-04   1.199794e-04   1.488550e-05   120
  5.895681e-01   2.415820e-04   8.556122e-05   1.664939e-05   168
  5.900844e-01   1.923722e-04   0.000000e+00   2.565393e-05   48
  5.907798e-01   3.031510e-04   1.558833e-04   2.343531e-05   120
  5.911793e-01   2.347899e-04   1.137231e-04   2.156060e-05   126
  5.921548e-01   2.941006e-04   2.000073e-04   2.239625e-05   96
  5.927878e-01   2.737997e-04   5.767222e-05   2.469814e-05   96
  5.932871e-01   2.661478e-04   0.000000e+00   3.001914e-05   72
  5.943508e-01   3.237459e-04   7.193062e-09   6.769606e-05   24
  5.950147e-01   3.242467e-04   1.186881e-04   4.691121e-05   120
  5.955326e-01   2.508267e-04   1.731294e-04   2.734093e-05   126
  5.961084e-01   2.282967e-04   1.443268e-04   2.626066e-05   96
  5.967813e-01   2.350595e-04   2.494389e-04   2.496642e-05   72
  5.975306e-01   2.729968e-04   1.078907e-04   2.497000e-05   144
  5.981469e-01   2.121254e-04   6.222882e-05   2.350760e-05   72
  5.987626e-01   2.935133e-04   1.242932e-04   3.410589e-05   54
  5.993045e-01   2.800208e-04   1.095319e-04   2.572335e-05   108
  6.004306e-01   2.388188e-04   1.073696e-04   2.298907e-05   72
  6.007812e-01   2.459379e-04   6.195595e-05   3.421816e-05   72
  6.016129e-01   2.029591e-04   1.245875e-08   2.636987e-05   24
  6.023999e-01   1.934080e-04   1.310705e-04   2.180618e-05   48
  6.028777e-01   2.646589e-04   9.984188e-05   2.620625e-05   102
  6.035970e-01   2.551053e-04   2.258008e-04   1.821502e-05   168
  6.045369e-01   2.739873e-04   1.231465e-04   3.227456e-05   72
  6.048851e-01   1.580808e-04   0.000000e+00   1.818773e-05   48
  6.056156e-01   3.031869e-04   2.118194e-04   3.226745e-05   120
  6.065796e-01   2.960867e-04   1.301673e-04   2.414149e-05   96
  6.074901e-01   2.664493e-04   1.409547e-08   4.924082e-05   30
  6.085723e-01   3.577514e-04   6.115837e-05   3.369756e-05   72
  6.090478e-01   2.791461e-04   7.193062e-09   4.563554e-05   24
  6.096586e-01   2.231120e-04   9.065181e-05   3.037683e-05   56
  6.103428e-01   2.350409e-04   1.293647e-04   1.967551e-05   96
  6.111616e-01   2.547305e-04   1.428503e-04   2.302146e-05   144
  6.117928e-01   2.060549e-04   8.110480e-05   2.669614e-05   54
  6.127099e-01   3.567049e-04   1.215036e-04   3.283614e-05   108
  6.136327e-01   3.538234e-04   6.433558e-05   7.539130e-05   48
  6.145113e-01   2.849069e-04   2.422440e-04   2.617916e-05   72
  6.166195e-01   3.368033e-04   1.600514e-04   4.512133e-05   78
  6.172037e-01   3.349651e-04   1.206188e-04   4.027368e-05   72
  6.178856e-01   2.977314e-04   1.204690e-04   2.777194e-05   72
  6.185986e-01   3.606674e-04   2.907051e-04   3.441732e-05   96
  6.191621e-01   2.309391e-04   1.202207e-04   2.989403e-05   72
  6.198419e-01   3.093800e-04   0.000000e+00   4.878900e-05   24
  6.205208e-01   3.485392e-04   2.398986e-04   3.725110e-05   72
  6.220544e-01   3.686794e-04   1.523430e-04   5.163346e-05   30
  6.223843e-01   3.330962e-04   0.000000e+00   5.312002e-05   24
  6.241578e-01   3.170555e-04   1.265014e-04   3.844453e-05   48
  6.247142e-01   3.088983e-04   2.722309e-04   3.289276e-05   120
  6.254637e-01   3.122450e-04   1.190257e-04   2.683391e-05   72
  6.262206e-01   3.366824e-04   1.188818e-04   5.029420e-05   36
  6.267409e-01   3.490757e-04   2.349657e-04   2.944555e-05   78
  6.281928e-01   3.766942e-04   1.256888e-04   6.314882e-05   48
  6.300754e-01   2.598894e-04   1.017253e-08   4.106953e-05   24
  6.314166e-01   2.842602e-04   8.752715e-05   3.769351e-05   56
  6.320919e-01   3.274631e-04   1.346877e-04   3.236014e-05   102
  6.329510e-01   2.941483e-04   9.590750e-09   3.232918e-05   72
  6.334498e-01   2.069211e-04   0.000000e+00   4.405491e-05   24
  6.343217e-01   2.590430e-04   1.244744e-04   3.330848e-05   48
  6.359378e-01   1.927992e-04   0.000000e+00   2.944188e-05   24
  6.379213e-01   4.007781e-04   0.000000e+00   2.778549e-05   6
  6.385398e-01   1.556210e-04   0.000000e+00   2.604283e-05   24
  6.389518e-01   2.848697e-04   1.165127e-04   2.905593e-05   72
  6.397046e-01   2.816644e-04   2.173655e-04   3.767668e-05   84
  6.405152e-01   3.813860e-04   0.000000e+00   8.002697e-05   24
  6.407617e-01   3.513849e-04   1.017253e-08   5.816360e-05   24
  6.419927e-01   2.102814e-04   7.193062e-09   5.301441e-05   24
  6.437123e-01   1.626058e-04   0.000000e+00   4.609506e-05   6
  6.459163e-01   4.222843e-04   1.222400e-04   5.793609e-05   48
  6.464458e-01   3.952948e-04   2.302802e-04   5.028895e-05   72
  6.471376e-01   3.212477e-04   1.220094e-04   3.386014e-05   48
  6.482347e-01   3.954777e-04   0.000000e+00   1.114141e-04   24
  6.496947e-01   7.739109e-05   7.193062e-09   2.609059e-05   6
  6.529678e-01   2.363686e-04   0.000000e+00   6.253260e-05   8
  6.532096e-01   4.790902e-04   7.193062e-09   5.756548e-05   48
  6.537895e-01   3.900864e-04   1.183236e-04   5.046290e-05   60
  6.546585e-01   3.598884e-04   0.000000e+00   8.897568e-05   24
  6.558634e-01   1.545126e-04   0.000000e+00   2.967461e-05   6
  6.603027e-01   4.432119e-04   0.000000e+00   6.353561e-05   24
  6.606613e-01   3.718478e-04   1.195118e-04   4.594889e-05   48
  6.612586e-01   2.800257e-04   0.000000e+00   4.928398e-05   24
  6.622132e-01   4.147640e-04   7.193062e-09   1.105141e-04   6
  6.676359e-01   5.512136e-04   1.114931e-04   6.613041e-05   36
  6.680300e-01   5.613220e-04   0.000000e+00   1.424893e-04   24
  6.687387e-01   4.320681e-04   0.000000e+00   6.289947e-05   6
  6.749089e-01   4.370638e-04   1.013241e-04   7.403384e-05   32
  6.754351e-01   4.144972e-04   7.193062e-09   7.193413e-05   6
  6.820657e-01   4.469966e-04   0.000000e+00   9.899539e-05   12
  6.822972e-01   4.541562e-04   0.000000e+00   1.414918e-04   6
  6.893201e-01   1.115013e-04   1.017253e-08   3.541736e-05   6
