# power spectrum of hij
# redshift z=0.000000
# k              Pk             sigma(k)       sigma(Pk)      count
  1.256637e-02   6.845101e-19   0.000000e+00   2.226647e-19   6
  1.777153e-02   4.633623e-19   0.000000e+00   4.744719e-20   12
  2.176559e-02   1.777387e-19   2.384186e-10   2.600811e-20   8
  2.513274e-02   2.058673e-19   0.000000e+00   1.468485e-20   6
  2.809926e-02   1.738027e-19   0.000000e+00   1.967097e-20   24
  3.078120e-02   7.294911e-20   4.495664e-10   1.207791e-20   24
  3.554306e-02   8.170040e-20   0.000000e+00   1.124937e-20   12
  3.769911e-02   3.569437e-20   5.086263e-10   3.731937e-21   30
  3.973835e-02   3.842096e-20   0.000000e+00   5.341054e-21   24
  4.167794e-02   4.274257e-20   7.786718e-10   6.872124e-21   24
  4.353118e-02   2.642362e-20   4.768372e-10   4.380420e-21   8
  4.530869e-02   2.402635e-20   6.357829e-10   2.969696e-21   24
  4.701905e-02   2.040661e-20   0.000000e+00   1.835325e-21   48
  5.026548e-02   2.219821e-20   0.000000e+00   4.226596e-21   6
  5.181247e-02   1.412020e-20   8.991328e-10   1.476899e-21   48
  5.331460e-02   1.689442e-20   0.000000e+00   1.868107e-21   36
  5.477554e-02   1.253546e-20   6.357829e-10   2.013770e-21   24
  5.619852e-02   1.272974e-20   0.000000e+00   2.044545e-21   24
  5.758634e-02   9.405686e-21   0.000000e+00   1.077357e-21   48
  5.894150e-02   1.062308e-20   8.991328e-10   1.384749e-21   24
  6.156239e-02   7.005142e-21   8.991328e-10   7.576219e-22   24
  6.283185e-02   9.734208e-21   0.000000e+00   1.666450e-21   30
  6.407617e-02   6.000155e-21   0.000000e+00   4.302376e-22   72
  6.529678e-02   5.999524e-21   9.536743e-10   5.727606e-22   32
  6.767198e-02   5.894534e-21   0.000000e+00   5.343874e-22   72
  6.882885e-02   4.771718e-21   0.000000e+00   4.577334e-22   48
  7.108613e-02   4.992517e-21   0.000000e+00   1.055645e-21   12
  7.218830e-02   4.344937e-21   0.000000e+00   3.652723e-22   48
  7.327390e-02   4.462448e-21   0.000000e+00   3.339683e-22   48
  7.434365e-02   3.603437e-21   8.991328e-10   3.863206e-22   48
  7.539822e-02   3.612907e-21   1.017253e-09   4.830505e-22   30
  7.643825e-02   3.247140e-21   8.991328e-10   2.835923e-22   24
  7.746431e-02   3.418489e-21   1.895538e-09   2.426454e-22   72
  7.947671e-02   2.343779e-21   0.000000e+00   3.319214e-22   24
  8.046403e-02   2.231509e-21   0.000000e+00   1.400371e-22   96
  8.143939e-02   2.769518e-21   0.000000e+00   2.475495e-22   48
  8.240320e-02   2.175434e-21   1.557344e-09   2.444161e-22   24
  8.335587e-02   2.655876e-21   1.557344e-09   4.203610e-22   24
  8.429778e-02   1.996485e-21   0.000000e+00   1.278651e-22   72
  8.522927e-02   2.397371e-21   0.000000e+00   1.819026e-22   48
  8.706237e-02   1.685326e-21   9.536743e-10   5.252438e-23   8
  8.796459e-02   1.659738e-21   1.130281e-09   2.055606e-22   54
  8.885766e-02   1.530141e-21   0.000000e+00   1.138146e-22   84
  8.974184e-02   1.464530e-21   0.000000e+00   2.068792e-22   48
  9.061739e-02   1.839218e-21   1.271566e-09   1.673491e-22   24
  9.148456e-02   1.463892e-21   1.198844e-09   1.638629e-22   72
  9.234359e-02   1.413931e-21   0.000000e+00   1.421523e-22   96
  9.403811e-02   1.073075e-21   0.000000e+00   1.135815e-22   48
  9.487402e-02   1.467624e-21   0.000000e+00   1.428160e-22   48
  9.570263e-02   9.315458e-22   1.271566e-09   1.166470e-22   24
  9.652412e-02   1.148034e-21   0.000000e+00   8.040019e-23   72
  9.814649e-02   1.083177e-21   1.198844e-09   8.730564e-23   72
  9.894770e-02   8.565202e-22   0.000000e+00   5.529141e-23   96
  1.005310e-01   9.848235e-22   0.000000e+00   2.297369e-22   6
  1.013133e-01   9.771399e-22   0.000000e+00   7.870403e-23   96
  1.020897e-01   1.010645e-21   1.271566e-09   6.155419e-23   96
  1.028602e-01   9.753148e-22   0.000000e+00   1.214458e-22   24
  1.036249e-01   9.351827e-22   1.798266e-09   9.374688e-23   48
  1.043841e-01   7.100970e-22   0.000000e+00   5.199171e-23   96
  1.051378e-01   6.329859e-22   0.000000e+00   5.107063e-23   48
  1.066292e-01   8.756065e-22   0.000000e+00   8.492727e-23   36
  1.073671e-01   6.660423e-22   2.202416e-09   7.526780e-23   48
  1.081000e-01   7.191275e-22   2.491750e-09   4.606854e-23   120
  1.088280e-01   6.095454e-22   0.000000e+00   4.253327e-23   56
  1.095511e-01   7.062441e-22   1.271566e-09   1.120452e-22   24
  1.102695e-01   5.662172e-22   0.000000e+00   4.690983e-23   96
  1.109832e-01   6.955811e-22   0.000000e+00   6.273927e-23   48
  1.123970e-01   5.261851e-22   0.000000e+00   8.008671e-23   24
  1.130973e-01   5.792649e-22   0.000000e+00   3.874728e-23   102
  1.137933e-01   5.531168e-22   0.000000e+00   5.861087e-23   48
  1.144851e-01   6.091851e-22   0.000000e+00   4.991464e-23   72
  1.151727e-01   5.466341e-22   0.000000e+00   4.867418e-23   48
  1.158562e-01   6.376935e-22   0.000000e+00   5.898159e-23   48
  1.165357e-01   5.279381e-22   2.877225e-09   3.296620e-23   120
  1.178830e-01   4.963846e-22   1.798266e-09   5.416681e-23   24
  1.185509e-01   4.591016e-22   1.695421e-09   2.740032e-23   144
  1.192151e-01   4.292356e-22   2.034505e-09   2.775278e-23   120
  1.198755e-01   3.401490e-22   1.798266e-09   3.030227e-23   48
  1.211857e-01   3.773260e-22   1.798266e-09   3.248567e-23   48
  1.218355e-01   3.815561e-22   1.798266e-09   2.827531e-23   96
  1.235512e-01   3.269229e-22   3.015167e-04   2.428886e-23   72
  1.244007e-01   3.105584e-22   2.260561e-09   1.783357e-23   108
  1.250338e-01   3.760548e-22   0.000000e+00   3.290981e-23   72
  1.256637e-01   3.041681e-22   0.000000e+00   2.744833e-23   30
  1.262905e-01   3.388960e-22   0.000000e+00   1.536302e-23   168
  1.269141e-01   2.909704e-22   0.000000e+00   4.712121e-23   48
  1.281523e-01   3.315795e-22   0.000000e+00   3.046477e-23   72
  1.287670e-01   2.740431e-22   0.000000e+00   1.431546e-23   96
  1.293787e-01   3.012714e-22   3.390842e-09   2.307536e-23   72
  1.299875e-01   2.501211e-22   0.000000e+00   1.744189e-23   72
  1.310112e-01   3.130921e-22   2.784031e-04   2.172427e-23   104
  1.317972e-01   3.139936e-22   2.397687e-09   1.968717e-23   144
  1.335824e-01   2.604223e-22   4.021044e-09   1.938037e-23   96
  1.341721e-01   2.396105e-22   0.000000e+00   2.022889e-23   96
  1.351101e-01   2.765008e-22   2.864148e-04   1.513674e-23   120
  1.359261e-01   2.946473e-22   0.000000e+00   2.036027e-23   120
  1.365057e-01   2.555174e-22   0.000000e+00   2.056435e-23   72
  1.376577e-01   2.855800e-22   0.000000e+00   2.744515e-23   48
  1.382301e-01   2.444852e-22   2.710666e-09   1.489264e-23   78
  1.389623e-01   2.431018e-22   2.564571e-04   1.252478e-23   168
  1.404963e-01   2.303538e-22   2.397687e-09   1.415782e-23   144
  1.410572e-01   2.106461e-22   2.397687e-09   1.228710e-23   144
  1.426839e-01   1.634578e-22   1.476986e-04   9.500322e-24   156
  1.432787e-01   1.993730e-22   3.114687e-09   1.578770e-23   48
  1.438287e-01   1.884609e-22   2.034505e-09   1.094996e-23   120
  1.443766e-01   2.311879e-22   0.000000e+00   2.105899e-23   48
  1.453454e-01   1.861926e-22   2.260797e-04   8.323008e-24   216
  1.465478e-01   1.650208e-22   0.000000e+00   1.487434e-23   48
  1.470856e-01   1.674223e-22   1.798266e-09   1.114236e-23   96
  1.478502e-01   1.818250e-22   2.642094e-04   9.327095e-24   168
  1.486873e-01   1.443269e-22   1.798266e-09   1.759368e-23   48
  1.492174e-01   1.994296e-22   0.000000e+00   1.312568e-23   96
  1.497456e-01   1.625296e-22   0.000000e+00   1.437100e-23   48
  1.507964e-01   1.436424e-22   2.034505e-09   1.618167e-23   30
  1.513191e-01   1.571121e-22   1.798266e-09   1.134423e-23   96
  1.519439e-01   1.397024e-22   2.076451e-04   6.190140e-24   240
  1.527472e-01   1.421317e-22   2.240191e-04   1.703444e-23   32
  1.533921e-01   1.401696e-22   0.000000e+00   8.224726e-24   168
  1.539060e-01   1.322758e-22   0.000000e+00   9.292448e-24   120
  1.549286e-01   1.395212e-22   3.791077e-09   1.316918e-23   72
  1.554374e-01   1.268029e-22   2.397687e-09   7.299647e-24   144
  1.559446e-01   1.321328e-22   0.000000e+00   9.224585e-24   96
  1.564501e-01   1.231400e-22   0.000000e+00   6.671990e-24   96
  1.574562e-01   1.720042e-22   2.936555e-09   1.188508e-23   72
  1.579568e-01   1.348904e-22   2.543132e-09   9.990767e-24   96
  1.589534e-01   1.412295e-22   0.000000e+00   2.331560e-23   24
  1.594494e-01   1.273032e-22   0.000000e+00   6.126577e-24   192
  1.600334e-01   1.369409e-22   1.901066e-04   8.926142e-24   132
  1.609281e-01   1.076898e-22   0.000000e+00   7.883642e-24   96
  1.614180e-01   1.084575e-22   0.000000e+00   7.450399e-24   96
  1.619064e-01   1.144570e-22   2.034505e-09   7.076251e-24   120
  1.628788e-01   1.001699e-22   0.000000e+00   8.751666e-24   48
  1.636759e-01   1.128473e-22   2.303939e-04   5.666524e-24   222
  1.643266e-01   1.186646e-22   0.000000e+00   8.228237e-24   120
  1.648064e-01   9.759517e-23   3.114687e-09   1.658857e-23   24
  1.655050e-01   1.118973e-22   2.378000e-04   4.725402e-24   312
  1.670270e-01   9.968059e-23   2.229470e-04   7.490547e-24   72
  1.676563e-01   9.917444e-23   1.798266e-09   5.275739e-24   96
  1.683024e-01   8.819697e-23   2.270407e-04   4.033326e-24   192
  1.690632e-01   1.071740e-22   2.877225e-09   6.698170e-24   120
  1.695296e-01   9.514114e-23   0.000000e+00   5.738298e-24   144
  1.704585e-01   7.776894e-23   0.000000e+00   6.627470e-24   48
  1.711188e-01   9.222368e-23   2.282974e-04   3.416903e-24   336
  1.718425e-01   9.762742e-23   0.000000e+00   1.038016e-23   48
  1.727590e-01   8.023589e-23   0.000000e+00   3.597394e-24   192
  1.732155e-01   8.040647e-23   0.000000e+00   7.378642e-24   48
  1.745129e-01   6.210546e-23   1.584683e-04   5.452035e-24   56
  1.751580e-01   8.048947e-23   2.035272e-04   3.094053e-24   336
  1.759292e-01   6.675358e-23   2.260561e-09   4.024384e-24   54
  1.766010e-01   7.399850e-23   2.235459e-04   3.167934e-24   240
  1.779956e-01   8.569805e-23   2.140470e-04   3.913847e-24   228
  1.786017e-01   6.257804e-23   2.397687e-09   5.556967e-24   72
  1.791900e-01   7.647282e-23   2.076308e-04   4.369738e-24   144
  1.799230e-01   9.522705e-23   0.000000e+00   8.171898e-24   96
  1.803613e-01   6.310043e-23   2.877225e-09   2.759567e-24   240
  1.812348e-01   8.116939e-23   2.543132e-09   9.674624e-24   24
  1.817939e-01   6.822841e-23   1.961057e-04   2.766404e-24   336
  1.825371e-01   5.668625e-23   0.000000e+00   4.550604e-24   72
  1.832154e-01   6.834464e-23   2.133012e-04   3.520749e-24   168
  1.838302e-01   7.802207e-23   0.000000e+00   5.976760e-24   72
  1.846872e-01   6.120534e-23   0.000000e+00   5.590103e-24   96
  1.853509e-01   6.181928e-23   2.117011e-04   3.371328e-24   216
  1.859653e-01   6.131333e-23   2.543132e-09   4.464954e-24   96
  1.868125e-01   5.603898e-23   0.000000e+00   2.757007e-24   192
  1.872347e-01   7.185082e-23   2.397687e-09   4.216605e-24   144
  1.880762e-01   5.239630e-23   0.000000e+00   5.428743e-24   48
  1.886588e-01   6.273311e-23   2.041047e-04   3.355376e-24   246
  1.894505e-01   5.175265e-23   1.881878e-04   2.714202e-24   168
  1.901637e-01   6.423716e-23   3.523866e-09   5.129692e-24   120
  1.905784e-01   5.273353e-23   0.000000e+00   2.458875e-24   240
  1.914053e-01   6.392009e-23   2.543132e-09   1.365066e-23   24
  1.920640e-01   5.756744e-23   2.014384e-04   2.446884e-24   360
  1.928845e-01   6.035807e-23   2.005812e-04   3.834039e-24   120
  1.934568e-01   5.220127e-23   0.000000e+00   2.886044e-24   144
  1.938645e-01   5.328632e-23   0.000000e+00   5.029780e-24   96
  1.950825e-01   4.218859e-23   0.000000e+00   2.251476e-24   144
  1.954868e-01   4.555891e-23   0.000000e+00   3.446470e-24   132
  1.960551e-01   4.597950e-23   1.979707e-04   2.370134e-24   176
  1.968799e-01   4.517160e-23   1.999105e-04   1.662919e-24   312
  1.978954e-01   4.543337e-23   0.000000e+00   3.791957e-24   96
  1.982940e-01   4.000224e-23   0.000000e+00   2.280662e-24   144
  1.989055e-01   4.761688e-23   1.979053e-04   1.922551e-24   312
  1.998804e-01   4.332223e-23   0.000000e+00   4.112573e-24   48
  2.002750e-01   4.411341e-23   2.543132e-09   2.219405e-24   192
  2.010619e-01   5.188167e-23   0.000000e+00   1.432531e-23   6
  2.015848e-01   4.160183e-23   1.845802e-04   1.890571e-24   288
  2.024316e-01   4.349565e-23   1.950210e-04   2.290268e-24   192
  2.030159e-01   4.680813e-23   4.521123e-09   2.004786e-24   216
  2.034045e-01   4.145428e-23   0.000000e+00   3.031840e-24   72
  2.043725e-01   4.562745e-23   1.931689e-04   2.082370e-24   192
  2.050154e-01   3.969703e-23   1.434383e-04   1.958962e-24   288
  2.057204e-01   4.156550e-23   0.000000e+00   7.039164e-24   24
  2.062650e-01   3.861094e-23   1.889681e-04   1.243425e-24   456
  2.072499e-01   3.521512e-23   0.000000e+00   3.868448e-24   48
  2.078585e-01   4.157426e-23   1.861260e-04   1.638695e-24   240
  2.085579e-01   4.136741e-23   1.881013e-04   1.797079e-24   216
  2.091461e-01   3.657797e-23   0.000000e+00   3.626745e-24   72
  2.095233e-01   3.571118e-23   6.498988e-09   1.785231e-24   168
  2.105882e-01   3.602528e-23   1.398129e-04   1.409827e-24   288
  2.111855e-01   3.351878e-23   1.849965e-04   1.865568e-24   168
  2.121448e-01   3.366992e-23   0.000000e+00   1.761495e-24   192
  2.125166e-01   3.005695e-23   2.397687e-09   1.971066e-24   144
  2.132584e-01   4.056336e-23   0.000000e+00   5.800238e-24   36
  2.138874e-01   3.263997e-23   1.689411e-04   1.285473e-24   342
  2.144889e-01   3.216425e-23   1.734820e-04   2.371720e-24   144
  2.152621e-01   3.338022e-23   1.819392e-04   1.341816e-24   384
  2.162000e-01   3.402257e-23   4.983500e-09   2.527551e-24   120
  2.166643e-01   3.944267e-23   1.622368e-04   1.812879e-24   264
  2.172929e-01   3.137065e-23   8.042088e-09   1.668519e-24   192
  2.178848e-01   3.130072e-23   1.748412e-04   1.722915e-24   152
  2.183802e-01   3.211422e-23   2.397687e-09   1.946412e-24   144
  2.194222e-01   2.960595e-23   1.131589e-04   1.579927e-24   216
  2.199045e-01   2.939278e-23   1.512105e-04   1.296556e-24   312
  2.207535e-01   2.833433e-23   1.752500e-04   1.275771e-24   240
  2.212538e-01   2.565680e-23   2.543132e-09   1.885925e-24   96
  2.222033e-01   2.600434e-23   1.675517e-04   1.754334e-24   144
  2.227885e-01   2.660404e-23   1.646885e-04   9.419040e-25   456
  2.237379e-01   2.809248e-23   0.000000e+00   2.083677e-24   120
  2.240905e-01   2.925231e-23   0.000000e+00   1.712858e-24   144
  2.247941e-01   4.438435e-23   0.000000e+00   5.360472e-24   24
  2.252452e-01   2.229987e-23   1.583038e-04   1.006643e-24   336
  2.260253e-01   2.871503e-23   1.745876e-04   1.392144e-24   198
  2.267563e-01   2.815025e-23   1.697764e-04   1.035172e-24   432
  2.275867e-01   3.343523e-23   0.000000e+00   2.706330e-24   48
  2.280199e-01   2.765331e-23   1.498832e-04   1.003057e-24   384
  2.287976e-01   2.486025e-23   1.725473e-04   1.591831e-24   144
  2.295024e-01   2.573137e-23   1.713168e-04   1.145275e-24   264
  2.303454e-01   2.220789e-23   2.543132e-09   2.275763e-24   48
  2.309110e-01   2.498088e-23   1.628943e-04   1.222064e-24   276
  2.314567e-01   2.383115e-23   1.476593e-04   1.383742e-24   192
  2.321860e-01   2.371688e-23   1.659366e-04   6.967852e-25   552
  2.330715e-01   2.757369e-23   2.877225e-09   2.003498e-24   120
  2.335978e-01   1.904337e-23   1.679687e-04   8.711227e-25   216
  2.340855e-01   2.411920e-23   4.069010e-09   1.430053e-24   120
  2.349569e-01   2.334704e-23   1.654080e-04   8.593089e-25   408
  2.357660e-01   1.544980e-23   3.596531e-09   1.861729e-24   24
  2.362678e-01   2.322678e-23   1.670919e-04   8.488467e-25   384
  2.369685e-01   2.129854e-23   1.632547e-04   1.053706e-24   240
  2.375770e-01   2.178609e-23   1.644502e-04   1.235675e-24   168
  2.384301e-01   2.122227e-23   0.000000e+00   1.484648e-24   120
  2.389801e-01   2.091122e-23   1.714308e-04   9.571459e-25   350
  2.398744e-01   2.432722e-23   2.822081e-04   9.839211e-25   384
  2.404088e-01   2.246929e-23   0.000000e+00   1.783930e-24   144
  2.413921e-01   2.124323e-23   0.000000e+00   9.505335e-25   288
  2.419055e-01   2.026333e-23   1.615394e-04   7.812087e-25   336
  2.426039e-01   1.738802e-23   1.470682e-04   1.149540e-24   168
  2.430220e-01   2.159467e-23   6.498988e-09   8.868927e-25   336
  2.438868e-01   1.863652e-23   1.526480e-04   9.203812e-25   288
  2.444062e-01   2.138676e-23   1.438335e-04   9.946565e-25   264
  2.452858e-01   1.912847e-23   0.000000e+00   8.574541e-25   240
  2.456075e-01   1.693706e-23   3.596531e-09   1.385337e-24   96
  2.467620e-01   1.781554e-23   1.956039e-04   6.869741e-25   360
  2.473008e-01   1.844718e-23   1.441936e-04   8.921393e-25   168
  2.479816e-01   1.705285e-23   1.571860e-04   5.954225e-25   456
  2.488014e-01   1.734431e-23   3.196917e-09   1.219249e-24   108
  2.492626e-01   1.639387e-23   1.577159e-04   7.681279e-25   264
  2.498378e-01   1.616277e-23   1.407083e-04   9.299388e-25   264
  2.506256e-01   1.793548e-23   1.327788e-04   7.388884e-25   312
  2.516065e-01   1.610588e-23   9.866910e-05   6.885675e-25   270
  2.520176e-01   1.498683e-23   1.252729e-04   6.414731e-25   240
  2.527567e-01   1.690327e-23   1.549783e-04   6.673829e-25   384
  2.532054e-01   2.166355e-23   3.596531e-09   1.104034e-24   192
  2.540769e-01   1.826231e-23   1.243495e-04   9.813463e-25   240
  2.545825e-01   1.908866e-23   1.534673e-04   8.549090e-25   336
  2.555333e-01   1.602574e-23   1.544942e-04   5.528168e-25   480
  2.563047e-01   1.478853e-23   5.873111e-09   1.257290e-24   72
  2.567356e-01   1.625825e-23   1.506459e-04   7.823145e-25   240
  2.573216e-01   1.543806e-23   1.415865e-04   6.140574e-25   312
  2.579934e-01   1.431001e-23   1.530210e-04   6.573841e-25   240
  2.590086e-01   1.573028e-23   1.162564e-04   6.281945e-25   408
  2.594104e-01   1.617549e-23   1.064628e-04   6.233432e-25   336
  2.601958e-01   1.619189e-23   1.351816e-04   7.462436e-25   264
  2.605818e-01   1.254168e-23   0.000000e+00   8.452770e-25   144
  2.616557e-01   1.461472e-23   1.873697e-04   4.844508e-25   464
  2.622215e-01   1.430759e-23   1.489973e-04   9.447461e-25   168
  2.627801e-01   1.249532e-23   1.357041e-04   5.071454e-25   336
  2.637897e-01   1.513824e-23   1.425837e-04   6.303179e-25   414
  2.643588e-01   1.678503e-23   1.484211e-04   8.110722e-25   216
  2.650879e-01   1.527805e-23   3.596531e-09   1.540889e-24   96
  2.653856e-01   1.493371e-23   8.042088e-09   5.554151e-25   384
  2.664284e-01   1.438899e-23   1.481344e-04   5.044888e-25   492
  2.669873e-01   1.630084e-23   1.448627e-04   9.537494e-25   240
  2.676189e-01   1.617655e-23   1.470864e-04   7.529714e-25   312
  2.684913e-01   1.179672e-23   1.470380e-04   6.230486e-25   192
  2.690439e-01   1.294837e-23   1.424976e-04   5.047669e-25   504
  2.697770e-01   1.317264e-23   9.433586e-05   5.405287e-25   408
  2.703542e-01   1.166668e-23   2.890096e-04   6.412983e-25   168
  2.710765e-01   1.434831e-23   1.372821e-04   6.647062e-25   288
  2.716826e-01   1.236265e-23   1.432656e-04   6.124755e-25   288
  2.723035e-01   1.188293e-23   1.440903e-04   3.709263e-25   432
  2.732042e-01   1.113711e-23   1.362614e-04   5.445829e-25   216
  2.736854e-01   1.223762e-23   1.359739e-04   4.791747e-25   360
  2.745421e-01   1.221647e-23   1.327092e-04   5.473026e-25   312
  2.753154e-01   1.248417e-23   0.000000e+00   9.766783e-25   48
  2.757611e-01   1.073041e-23   1.422834e-04   3.797225e-25   432
  2.765594e-01   1.210916e-23   2.373302e-04   5.295774e-25   414
  2.770308e-01   1.087451e-23   0.000000e+00   4.463673e-25   312
  2.779102e-01   1.179162e-23   2.082441e-04   4.511911e-25   528
  2.785037e-01   1.344996e-23   1.093105e-04   6.566327e-25   264
  2.792167e-01   1.238747e-23   1.296122e-04   4.359855e-25   480
  2.801483e-01   1.254527e-23   0.000000e+00   5.951579e-25   288
  2.805506e-01   1.080208e-23   1.392643e-04   6.917977e-25   168
  2.812867e-01   1.195346e-23   2.204550e-04   4.459621e-25   504
  2.821143e-01   1.266779e-23   3.390842e-09   9.285967e-25   144
  2.826350e-01   1.152645e-23   1.415850e-04   4.321670e-25   464
  2.834173e-01   1.069258e-23   2.077839e-04   4.257283e-25   432
  2.837886e-01   1.101788e-23   0.000000e+00   6.022642e-25   192
  2.847481e-01   1.053851e-23   1.540373e-04   3.989599e-25   396
  2.853147e-01   1.051582e-23   1.383680e-04   4.890137e-25   288
  2.858874e-01   9.891236e-24   1.366839e-04   3.906135e-25   336
  2.868021e-01   1.023229e-23   8.655099e-05   3.906762e-25   432
  2.873827e-01   1.037770e-23   2.243281e-04   4.638083e-25   360
  2.880345e-01   9.927405e-24   1.326934e-04   3.566370e-25   384
  2.889603e-01   9.749485e-24   1.171274e-04   4.934606e-25   198
  2.894063e-01   1.107585e-23   1.331357e-04   3.697856e-25   552
  2.902381e-01   1.062047e-23   1.863809e-04   4.574420e-25   432
  2.909325e-01   1.003174e-23   4.110321e-09   5.247245e-25   168
  2.915153e-01   1.206549e-23   2.310442e-04   4.261530e-25   480
  2.922863e-01   9.987291e-24   4.069010e-09   8.710263e-25   120
  2.926334e-01   1.019802e-23   1.887069e-04   5.165505e-25   336
  2.934802e-01   9.801088e-24   1.331298e-04   2.848713e-25   672
  2.943175e-01   1.159441e-23   1.936554e-04   3.918456e-25   528
  2.947075e-01   7.617668e-24   0.000000e+00   4.225940e-25   168
  2.956085e-01   9.890959e-24   2.160213e-04   3.813196e-25   456
  2.961583e-01   1.002296e-23   1.319260e-04   7.028996e-25   168
  2.967291e-01   1.059495e-23   1.316892e-04   3.608558e-25   504
  2.976778e-01   8.667359e-24   1.694638e-04   3.748473e-25   336
  2.982515e-01   1.006561e-23   1.221633e-04   4.523284e-25   312
  2.988879e-01   9.136716e-24   1.193619e-04   3.016448e-25   504
  2.997254e-01   8.649121e-24   8.281656e-05   3.620817e-25   432
  3.001192e-01   9.156771e-24   1.279790e-04   3.988526e-25   312
  3.009377e-01   7.960054e-24   1.311847e-04   3.646631e-25   384
  3.017923e-01   1.256345e-23   1.114566e-04   1.174409e-24   126
  3.023199e-01   9.540149e-24   1.956913e-04   3.609856e-25   492
  3.029938e-01   9.250012e-24   1.253405e-04   3.346633e-25   528
  3.038360e-01   8.624112e-24   1.273190e-04   3.309678e-25   480
  3.043581e-01   1.024140e-23   1.758905e-04   5.473115e-25   432
  3.051137e-01   8.565910e-24   1.383146e-04   3.638346e-25   440
  3.059913e-01   9.720830e-24   6.878330e-05   4.869982e-25   312
  3.063206e-01   8.312912e-24   1.030775e-04   3.009758e-25   480
  3.069960e-01   9.068635e-24   2.018238e-04   3.829932e-25   408
  3.079829e-01   9.281167e-24   1.208696e-04   4.270851e-25   360
  3.083998e-01   8.797384e-24   1.166348e-04   3.830621e-25   408
  3.091725e-01   7.813117e-24   1.186907e-04   3.097662e-25   456
  3.100425e-01   9.201653e-24   1.134390e-04   5.863050e-25   264
  3.105254e-01   8.668917e-24   1.231098e-04   4.163578e-25   384
  3.112283e-01   8.569561e-24   2.072640e-04   2.749441e-25   672
  3.120409e-01   9.205676e-24   1.239707e-04   5.048508e-25   240
  3.125099e-01   7.658105e-24   1.257992e-04   3.507860e-25   264
  3.131717e-01   7.014202e-24   1.551526e-04   2.242231e-25   624
  3.141593e-01   6.994803e-24   0.000000e+00   5.138290e-25   150
  3.145109e-01   8.864961e-24   1.738607e-04   3.454646e-25   600
  3.152524e-01   9.333283e-24   1.199942e-04   3.681415e-25   672
  3.160921e-01   7.139094e-24   1.128630e-04   3.983077e-25   336
  3.165599e-01   9.306230e-24   1.227621e-04   4.007053e-25   408
  3.173072e-01   8.564279e-24   1.224729e-04   4.603183e-25   408
  3.181385e-01   8.889546e-24   6.192886e-05   3.738949e-25   360
  3.186510e-01   8.275842e-24   2.273829e-04   2.961303e-25   456
  3.192699e-01   8.485786e-24   1.236522e-04   4.215200e-25   384
  3.200577e-01   7.288509e-24   1.141466e-04   3.103066e-25   348
  3.204835e-01   8.391518e-24   1.407202e-04   3.152398e-25   576
  3.212832e-01   7.782195e-24   1.158646e-04   2.902079e-25   504
  3.221013e-01   7.785026e-24   1.634203e-04   3.089216e-25   432
  3.228154e-01   7.823981e-24   2.223325e-04   2.524562e-25   576
  3.233247e-01   7.259547e-24   5.231318e-09   3.246164e-25   264
  3.241325e-01   7.544145e-24   1.769212e-04   2.227351e-25   768
  3.248351e-01   5.668331e-24   2.381921e-04   2.738621e-25   240
  3.253937e-01   6.656254e-24   2.100629e-04   3.876156e-25   192
  3.262073e-01   6.984052e-24   1.546319e-04   2.521200e-25   504
  3.268108e-01   7.540330e-24   2.083724e-04   2.823936e-25   590
  3.273894e-01   8.914895e-24   2.334698e-04   4.506971e-25   384
  3.281151e-01   8.160233e-24   1.951120e-04   3.378388e-25   504
  3.289911e-01   8.042151e-24   1.877651e-04   2.878724e-25   648
  3.298409e-01   7.234821e-24   5.099453e-05   2.944192e-25   504
  3.301835e-01   6.955802e-24   1.163281e-04   3.342518e-25   312
  3.307884e-01   7.204796e-24   1.676002e-04   2.448763e-25   576
  3.316189e-01   8.842507e-24   1.166339e-04   5.342331e-25   240
  3.321030e-01   6.979560e-24   1.178530e-04   2.408794e-25   552
  3.327882e-01   7.645865e-24   1.106612e-04   2.915194e-25   600
  3.337643e-01   7.365757e-24   1.351639e-04   2.633029e-25   600
  3.343511e-01   7.050431e-24   2.164544e-04   2.986877e-25   312
  3.349356e-01   7.370990e-24   1.885103e-04   2.949582e-25   480
  3.356656e-01   6.216211e-24   1.176123e-04   2.229932e-25   576
  3.363084e-01   6.677560e-24   1.893814e-04   2.999918e-25   408
  3.368787e-01   5.386104e-24   2.209222e-04   3.192916e-25   216
  3.376156e-01   7.067131e-24   1.692015e-04   2.437815e-25   516
  3.384050e-01   6.361007e-24   1.614354e-04   1.696893e-25   744
  3.392194e-01   7.315296e-24   1.078246e-04   2.775138e-25   462
  3.396796e-01   6.589230e-24   1.095881e-04   3.178089e-25   432
  3.403934e-01   7.094671e-24   1.016670e-04   2.466576e-25   648
  3.412327e-01   6.723845e-24   1.487578e-04   2.881978e-25   528
  3.419069e-01   7.274166e-24   1.791415e-04   2.342362e-25   600
  3.425805e-01   8.082250e-24   2.258506e-04   5.279209e-25   240
  3.432329e-01   6.631019e-24   1.729994e-04   2.341981e-25   720
  3.439912e-01   6.979262e-24   1.368738e-04   2.275756e-25   720
  3.448318e-01   4.995935e-24   0.000000e+00   3.214398e-25   144
  3.452742e-01   8.051030e-24   1.764713e-04   3.191439e-25   720
  3.459035e-01   6.184367e-24   1.058157e-04   2.487398e-25   384
  3.466913e-01   6.217829e-24   1.173023e-04   2.103079e-25   672
  3.474387e-01   6.364869e-24   2.053834e-04   2.730129e-25   336
  3.477957e-01   6.012943e-24   4.795375e-09   3.257351e-25   288
  3.486699e-01   6.147842e-24   1.625472e-04   1.891130e-25   776
  3.494792e-01   5.737608e-24   1.390838e-04   1.706480e-25   720
  3.501588e-01   5.866767e-24   1.120422e-04   2.204804e-25   432
  3.507024e-01   6.534664e-24   1.597303e-04   2.684199e-25   504
  3.513071e-01   5.821066e-24   1.119137e-04   2.418414e-25   528
  3.521533e-01   6.492938e-24   1.524759e-04   2.613556e-25   438
  3.528495e-01   6.962343e-24   1.774680e-04   3.012694e-25   624
  3.533741e-01   7.183668e-24   2.173744e-04   4.350804e-25   312
  3.540952e-01   7.411600e-24   1.171159e-04   2.822587e-25   696
  3.548410e-01   6.776065e-24   1.059686e-04   3.028530e-25   552
  3.556166e-01   6.534859e-24   8.198436e-05   2.523827e-25   516
  3.560964e-01   7.212273e-24   1.637576e-04   2.613165e-25   528
  3.566805e-01   5.212388e-24   1.064960e-04   1.604773e-25   528
  3.575102e-01   6.158039e-24   1.404467e-04   2.128695e-25   864
  3.580734e-01   6.324728e-24   1.923830e-04   2.704467e-25   408
  3.586372e-01   7.747498e-24   1.906039e-04   5.579824e-25   192
  3.594362e-01   5.572585e-24   1.577339e-04   1.972169e-25   720
  3.601108e-01   6.167310e-24   1.454384e-04   2.167811e-25   696
  3.609123e-01   6.132416e-24   1.570748e-04   1.874225e-25   720
  3.616456e-01   5.888903e-24   2.128961e-04   2.558639e-25   432
  3.620733e-01   5.520981e-24   1.253189e-04   2.535239e-25   264
  3.628427e-01   5.812693e-24   1.730599e-04   1.993633e-25   672
  3.635310e-01   6.486823e-24   1.771868e-04   2.602324e-25   600
  3.643477e-01   4.188379e-24   1.037427e-04   1.860580e-25   270
  3.647594e-01   5.755215e-24   1.561617e-04   3.063366e-25   528
  3.654138e-01   6.340918e-24   1.069340e-04   1.964751e-25   840
  3.663112e-01   6.399033e-24   2.044769e-04   2.086703e-25   888
  3.671403e-01   5.749603e-24   1.523504e-04   2.052981e-25   744
  3.678411e-01   6.398758e-24   7.828584e-05   2.346556e-25   456
  3.681896e-01   8.369085e-24   1.069824e-04   3.813294e-25   360
  3.687860e-01   5.227127e-24   9.269427e-05   2.432563e-25   384
  3.697011e-01   6.440429e-24   1.486807e-04   2.014831e-25   816
  3.703877e-01   5.989691e-24   2.157150e-04   2.044653e-25   824
  3.712223e-01   5.035038e-24   1.002746e-04   2.194019e-25   360
  3.716692e-01   6.306027e-24   1.479676e-04   2.584651e-25   624
  3.722842e-01   6.188106e-24   9.998850e-05   2.497429e-25   360
  3.731036e-01   5.505390e-24   1.360137e-04   1.899660e-25   876
  3.738436e-01   5.482743e-24   1.615436e-04   2.030937e-25   696
  3.745899e-01   4.519685e-24   1.043143e-04   2.010023e-25   336
  3.749811e-01   5.497768e-24   1.041971e-04   2.338578e-25   504
  3.756273e-01   5.724857e-24   1.051000e-04   2.112063e-25   672
  3.765859e-01   5.207386e-24   2.092296e-04   1.747060e-25   720
  3.772508e-01   5.917860e-24   1.580506e-04   2.475030e-25   774
  3.779846e-01   6.493649e-24   9.046409e-05   3.421232e-25   384
  3.783690e-01   5.879350e-24   1.740917e-04   2.366311e-25   528
  3.789655e-01   6.489256e-24   1.659191e-04   2.497109e-25   744
  3.799249e-01   6.376298e-24   1.368481e-04   2.083731e-25   768
  3.805620e-01   6.148094e-24   1.536223e-04   3.395101e-25   552
  3.813568e-01   5.691828e-24   1.674309e-04   2.178360e-25   696
  3.819481e-01   6.892620e-24   2.034577e-04   3.444747e-25   408
  3.824174e-01   6.634275e-24   8.789532e-05   3.311463e-25   504
  3.831615e-01   5.455812e-24   1.579007e-04   1.776909e-25   888
  3.838937e-01   5.598532e-24   1.641044e-04   2.123922e-25   648
  3.846547e-01   5.366515e-24   1.626978e-04   1.865692e-25   648
  3.853707e-01   5.175696e-24   1.754281e-04   1.651407e-25   792
  3.861291e-01   5.504838e-24   2.566633e-04   2.286770e-25   600
  3.866880e-01   4.680420e-24   1.739428e-04   1.894092e-25   456
  3.872762e-01   5.265252e-24   8.477229e-05   2.022775e-25   648
  3.880317e-01   5.198157e-24   1.653183e-04   1.544580e-25   936
  3.888474e-01   6.109316e-24   1.015268e-04   2.691257e-25   384
  3.895575e-01   6.428842e-24   0.000000e+00   4.748764e-25   198
  3.901055e-01   5.769460e-24   2.575821e-04   2.021322e-25   1224
  3.906966e-01   6.639671e-24   1.875990e-04   3.636340e-25   420
  3.913957e-01   5.753620e-24   1.815566e-04   2.281011e-25   792
  3.920793e-01   5.907841e-24   1.501318e-04   2.468770e-25   680
  3.928594e-01   5.564863e-24   1.378581e-04   2.540558e-25   600
  3.934870e-01   5.532480e-24   1.999321e-04   1.938305e-25   840
  3.943251e-01   5.460775e-24   9.439865e-05   2.617265e-25   432
  3.946454e-01   6.376829e-24   8.846397e-05   2.705699e-25   720
  3.953417e-01   5.345435e-24   1.771778e-04   1.526700e-25   960
  3.962077e-01   5.887549e-24   1.579411e-04   2.925112e-25   528
  3.968405e-01   5.754841e-24   1.614459e-04   2.262622e-25   624
  3.975938e-01   6.017977e-24   1.268954e-04   2.140781e-25   816
  3.983415e-01   5.610187e-24   2.086821e-04   2.152769e-25   696
  3.991678e-01   4.950462e-24   5.754450e-09   2.757869e-25   240
  3.994784e-01   5.455748e-24   1.230648e-04   2.476849e-25   672
  4.001719e-01   5.145646e-24   2.199344e-04   1.794708e-25   864
  4.009498e-01   4.762211e-24   1.687640e-04   1.573231e-25   816
  4.016509e-01   4.719997e-24   9.659469e-05   1.665364e-25   648
  4.024060e-01   6.437384e-24   9.873737e-05   2.243228e-25   843
  4.030471e-01   4.684915e-24   1.776528e-04   1.650339e-25   780
  4.038111e-01   5.985032e-24   9.532520e-05   5.693041e-25   216
  4.042823e-01   5.532962e-24   2.298663e-04   1.816594e-25   1056
  4.050071e-01   4.521959e-24   1.880564e-04   2.655384e-25   228
  4.056781e-01   5.879904e-24   2.341349e-04   2.316554e-25   924
  4.063670e-01   5.024568e-24   8.685094e-05   1.740385e-25   696
  4.070964e-01   4.903042e-24   1.545698e-04   1.689015e-25   996
  4.078428e-01   4.568230e-24   9.125493e-05   1.929230e-25   576
  4.086192e-01   4.695253e-24   1.408459e-04   2.201726e-25   552
  4.091852e-01   5.321013e-24   1.681651e-04   2.450739e-25   516
  4.097596e-01   5.262879e-24   2.445470e-04   1.874528e-25   744
  4.104159e-01   4.057244e-24   1.199649e-04   1.480803e-25   576
  4.109868e-01   4.697841e-24   1.234742e-04   1.509406e-25   792
  4.117982e-01   5.007825e-24   1.411539e-04   1.723352e-25   792
  4.123927e-01   4.593271e-24   1.522330e-04   1.815121e-25   720
  4.131968e-01   4.481424e-24   1.735107e-04   1.514232e-25   656
  4.139503e-01   4.593523e-24   1.894646e-04   1.786877e-25   816
  4.147227e-01   4.803619e-24   1.021561e-04   2.340786e-25   492
  4.151618e-01   5.437346e-24   1.469588e-04   2.172825e-25   552
  4.159858e-01   4.132776e-24   2.555435e-04   1.618445e-25   780
  4.165209e-01   4.557999e-24   1.569773e-04   1.635891e-25   528
  4.170975e-01   4.184834e-24   1.832403e-04   1.731349e-25   600
  4.179472e-01   4.494962e-24   1.522872e-04   1.418779e-25   900
  4.185329e-01   4.403847e-24   8.430879e-05   1.789892e-25   696
  4.193388e-01   3.998403e-24   2.131780e-04   1.529978e-25   696
  4.201183e-01   4.152040e-24   8.648430e-05   1.519006e-25   552
  4.207739e-01   4.170446e-24   1.005733e-04   1.437104e-25   708
  4.214606e-01   4.109151e-24   1.660522e-04   1.355980e-25   876
  4.221752e-01   4.576734e-24   8.817041e-05   2.329599e-25   216
  4.226547e-01   4.272670e-24   2.411580e-04   1.206449e-25   1032
  4.233729e-01   3.705644e-24   2.685028e-04   1.485938e-25   600
  4.241182e-01   3.418008e-24   1.281196e-04   1.241647e-25   600
  4.246868e-01   4.491843e-24   2.262472e-04   1.696432e-25   528
  4.253589e-01   3.915440e-24   1.241998e-04   1.225717e-25   732
  4.260669e-01   4.152123e-24   9.171027e-05   1.850924e-25   336
  4.268820e-01   3.857778e-24   1.307053e-04   1.086186e-25   912
  4.274911e-01   3.316097e-24   1.311885e-04   1.026817e-25   624
  4.281565e-01   4.199494e-24   1.105498e-04   1.318853e-25   768
  4.289333e-01   3.944467e-24   1.994537e-04   1.193223e-25   792
  4.296957e-01   4.219396e-24   9.888090e-05   1.672195e-25   660
  4.302382e-01   3.822884e-24   1.457169e-04   1.559186e-25   504
  4.307992e-01   3.620691e-24   2.380735e-04   1.413957e-25   480
  4.316401e-01   3.405487e-24   2.201870e-04   9.604396e-26   912
  4.322985e-01   3.806373e-24   2.452123e-04   1.495280e-25   432
  4.329203e-01   3.745765e-24   1.456013e-04   1.389510e-25   564
  4.334724e-01   3.512070e-24   1.393605e-04   1.230027e-25   600
  4.342496e-01   3.853575e-24   1.942553e-04   1.161232e-25   876
  4.348334e-01   3.823604e-24   8.734307e-05   1.815258e-25   264
  4.356382e-01   3.579334e-24   1.694799e-04   1.336975e-25   560
  4.362850e-01   3.563504e-24   1.151652e-04   1.048602e-25   840
  4.370702e-01   3.505570e-24   1.775516e-04   9.894727e-26   1008
  4.377963e-01   2.960887e-24   7.942467e-05   1.048893e-25   456
  4.384595e-01   3.624995e-24   1.028834e-04   1.307082e-25   576
  4.390725e-01   3.905266e-24   1.580913e-04   1.390206e-25   612
  4.398809e-01   3.434539e-24   1.412012e-04   1.037338e-25   780
  4.405404e-01   3.308669e-24   1.618102e-04   1.075547e-25   648
  4.412155e-01   3.491525e-24   7.540562e-05   1.634262e-25   312
  4.416470e-01   3.383243e-24   1.915933e-04   1.101079e-25   528
  4.423945e-01   3.226309e-24   2.502113e-04   9.442609e-26   720
  4.431093e-01   3.216684e-24   2.509948e-04   1.248282e-25   576
  4.439759e-01   3.378511e-24   2.165154e-04   1.446871e-25   444
  4.445151e-01   3.257861e-24   2.123318e-04   8.935811e-26   996
  4.451759e-01   3.241330e-24   1.773610e-04   1.390756e-25   432
  4.458005e-01   3.612128e-24   1.941754e-04   1.305496e-25   504
  4.463400e-01   2.634371e-24   8.754449e-05   8.603511e-26   504
  4.471082e-01   3.512764e-24   1.722886e-04   9.704335e-26   876
  4.478033e-01   2.894498e-24   1.982878e-04   8.742132e-26   504
  4.485271e-01   3.095318e-24   1.264576e-04   1.039884e-25   696
  4.491253e-01   3.280195e-24   1.081079e-04   1.121971e-25   492
  4.499392e-01   2.935979e-24   1.547618e-04   1.077171e-25   432
  4.505420e-01   3.129505e-24   1.449174e-04   1.043113e-25   768
  4.512567e-01   2.921249e-24   1.805141e-04   9.685742e-26   648
  4.519390e-01   3.019638e-24   1.177661e-04   1.050877e-25   456
  4.527231e-01   3.036015e-24   1.619475e-04   9.974546e-26   552
  4.532676e-01   3.003626e-24   1.109989e-04   1.009089e-25   648
  4.540170e-01   2.662332e-24   1.809220e-04   7.155186e-26   840
  4.547491e-01   3.287649e-24   8.627791e-05   1.260385e-25   432
  4.554820e-01   3.087470e-24   1.056757e-04   9.688931e-26   600
  4.559917e-01   3.205923e-24   1.125905e-04   1.162349e-25   432
  4.568479e-01   3.040781e-24   1.120948e-04   9.446491e-26   560
  4.574277e-01   2.791812e-24   1.774344e-04   7.071139e-26   840
  4.581537e-01   2.794887e-24   1.050970e-04   1.021792e-25   504
  4.587303e-01   2.848694e-24   2.144966e-04   8.858509e-26   696
  4.595432e-01   3.269270e-24   1.171504e-04   1.395799e-25   384
  4.601763e-01   2.836273e-24   1.716116e-04   8.933724e-26   576
  4.609420e-01   2.693616e-24   1.059101e-04   1.107647e-25   360
  4.615593e-01   2.869801e-24   1.577258e-04   8.036635e-26   828
  4.622251e-01   2.611656e-24   1.404841e-04   1.058039e-25   372
  4.628352e-01   2.851274e-24   2.145462e-04   8.482232e-26   576
  4.636434e-01   2.884452e-24   8.985170e-05   8.737787e-26   636
  4.642192e-01   2.738054e-24   1.732109e-04   8.013475e-26   648
  4.649981e-01   2.462249e-24   1.408015e-04   7.966165e-26   576
  4.655573e-01   2.754736e-24   2.271277e-04   9.380317e-26   528
  4.663010e-01   2.593918e-24   9.710647e-05   9.345343e-26   360
  4.669165e-01   2.651684e-24   2.233813e-04   7.569313e-26   672
  4.677203e-01   2.830415e-24   1.144196e-04   7.875249e-26   804
  4.683893e-01   2.775775e-24   1.262185e-04   1.256726e-25   408
  4.691293e-01   2.991002e-24   7.801673e-05   1.081029e-25   384
  4.696276e-01   2.419056e-24   1.785323e-04   7.892330e-26   480
  4.703304e-01   2.507612e-24   1.153580e-04   9.229891e-26   432
  4.710045e-01   2.964385e-24   2.125802e-04   8.432032e-26   648
  4.718024e-01   2.769111e-24   1.319050e-04   8.755719e-26   624
  4.723861e-01   2.548343e-24   1.199787e-04   9.133315e-26   456
  4.731831e-01   2.606064e-24   1.639016e-04   8.340825e-26   588
  4.737172e-01   2.584761e-24   1.045685e-04   7.815627e-26   600
  4.744970e-01   2.603858e-24   1.631013e-04   7.600905e-26   708
  4.751130e-01   2.996717e-24   1.027507e-04   1.427168e-25   360
  4.757936e-01   2.721577e-24   1.181146e-04   9.156422e-26   552
  4.764461e-01   2.545025e-24   8.286020e-05   1.173610e-25   288
  4.771085e-01   2.586289e-24   1.557998e-04   8.242482e-26   528
  4.777309e-01   2.733253e-24   1.051098e-04   9.974024e-26   456
  4.784262e-01   2.680934e-24   1.863824e-04   8.575636e-26   608
  4.791256e-01   2.287609e-24   9.017389e-05   7.587875e-26   504
  4.798898e-01   2.214019e-24   1.935982e-04   7.247692e-26   540
  4.804891e-01   2.640696e-24   2.078222e-04   1.098681e-25   360
  4.811350e-01   2.779041e-24   9.411255e-05   9.101872e-26   540
  4.817063e-01   2.779324e-24   8.080679e-05   8.329766e-26   576
  4.825371e-01   2.452177e-24   1.873635e-04   8.136536e-26   588
  4.833270e-01   2.455178e-24   2.585051e-04   7.129633e-26   672
  4.840056e-01   2.513955e-24   1.975777e-04   8.057062e-26   552
  4.845526e-01   2.663506e-24   1.976776e-04   1.781280e-25   144
  4.852507e-01   2.685530e-24   1.679474e-04   8.078458e-26   600
  4.859125e-01   2.322223e-24   2.104747e-04   8.511989e-26   504
  4.866470e-01   2.594632e-24   2.162000e-04   9.174090e-26   336
  4.874196e-01   2.546334e-24   2.430098e-04   7.664490e-26   600
  4.881116e-01   2.459452e-24   1.568306e-04   6.920133e-26   636
  4.888585e-01   2.526427e-24   1.260932e-04   9.422942e-26   384
  4.893821e-01   2.478075e-24   1.758851e-04   8.414516e-26   504
  4.901368e-01   2.239316e-24   7.381652e-05   1.185977e-25   240
  4.907324e-01   2.504745e-24   1.734055e-04   6.805427e-26   744
  4.914470e-01   2.306434e-24   1.184096e-04   6.654086e-26   648
  4.920821e-01   3.136884e-24   7.860381e-05   1.983346e-25   120
  4.928265e-01   2.406049e-24   1.234764e-04   7.560087e-26   564
  4.933890e-01   2.526606e-24   1.939271e-04   8.709854e-26   432
  4.941396e-01   2.363842e-24   1.505258e-04   7.950418e-26   480
  4.947049e-01   2.027786e-24   1.107908e-04   7.350836e-26   456
  4.953721e-01   2.399867e-24   1.833424e-04   8.215480e-26   444
  4.961293e-01   2.295154e-24   2.805235e-04   6.906242e-26   528
  4.967944e-01   2.579219e-24   2.083390e-04   1.353356e-25   264
  4.974399e-01   2.255550e-24   2.135165e-04   8.133283e-26   444
  4.983082e-01   2.370033e-24   2.338759e-04   6.917910e-26   696
  4.990289e-01   2.415488e-24   1.250847e-04   9.202484e-26   384
  4.995560e-01   2.431100e-24   1.580550e-04   8.383223e-26   432
  5.003759e-01   2.343601e-24   1.092086e-04   9.019397e-26   488
  5.009082e-01   2.326586e-24   1.645909e-04   7.356831e-26   480
  5.016800e-01   2.267511e-24   1.835529e-04   7.452179e-26   480
  5.022777e-01   2.242233e-24   7.701318e-05   1.004585e-25   240
  5.029563e-01   2.417135e-24   1.798967e-04   8.994719e-26   600
  5.035964e-01   2.150871e-24   1.567616e-04   9.702205e-26   288
  5.042780e-01   2.326969e-24   1.507931e-04   7.707158e-26   480
  5.049682e-01   2.034137e-24   2.682341e-04   7.131207e-26   504
  5.056479e-01   2.370257e-24   1.150891e-04   1.079037e-25   216
  5.065146e-01   2.335349e-24   1.884192e-04   8.353289e-26   504
  5.071897e-01   2.327850e-24   1.515464e-04   8.917574e-26   456
  5.079286e-01   2.582017e-24   8.691443e-05   9.173715e-26   384
  5.084180e-01   2.572153e-24   1.764049e-04   8.727246e-26   480
  5.091134e-01   2.324463e-24   1.549032e-04   7.618257e-26   504
  5.097578e-01   2.081987e-24   9.826093e-05   9.324663e-26   312
  5.104521e-01   2.457296e-24   1.583441e-04   8.451614e-26   492
  5.110667e-01   2.237755e-24   1.484108e-04   9.787107e-26   312
  5.118579e-01   2.229092e-24   2.410815e-04   7.213367e-26   576
  5.125543e-01   2.382975e-24   2.225378e-04   9.125198e-26   336
  5.131328e-01   1.930170e-24   1.713438e-04   9.259738e-26   240
  5.139346e-01   2.299518e-24   2.271584e-04   8.226994e-26   468
  5.146270e-01   1.978720e-24   1.422340e-04   1.238268e-25   192
  5.153517e-01   2.170788e-24   1.426580e-04   8.480913e-26   324
  5.158828e-01   2.265243e-24   1.035388e-04   7.275020e-26   600
  5.166066e-01   2.175261e-24   1.679811e-04   7.407413e-26   456
  5.171442e-01   2.285389e-24   7.555790e-05   9.942358e-26   336
  5.180350e-01   2.232757e-24   2.262417e-04   6.466382e-26   612
  5.186832e-01   2.255399e-24   1.898719e-04   1.494024e-25   144
  5.192961e-01   2.348444e-24   2.216292e-04   7.588170e-26   552
  5.201296e-01   1.950386e-24   8.728032e-05   8.582083e-26   264
  5.206006e-01   2.295044e-24   2.020762e-04   1.081660e-25   336
  5.213435e-01   2.019925e-24   1.335250e-04   8.605735e-26   384
  5.219878e-01   2.565686e-24   7.516140e-05   1.211252e-25   216
  5.227010e-01   2.128662e-24   1.593577e-04   8.728217e-26   344
  5.233513e-01   2.284469e-24   2.377692e-04   8.935220e-26   408
  5.241438e-01   2.075904e-24   1.827101e-04   9.546942e-26   264
  5.248460e-01   2.144624e-24   2.547069e-04   6.261479e-26   612
  5.255476e-01   2.325598e-24   1.310917e-04   8.526416e-26   408
  5.262692e-01   2.148360e-24   1.312801e-04   9.053518e-26   444
  5.267993e-01   2.807597e-24   7.342396e-05   1.566687e-25   120
  5.275096e-01   2.250898e-24   2.028570e-04   8.812083e-26   336
  5.280368e-01   1.845685e-24   7.049199e-05   8.448801e-26   288
  5.287493e-01   2.140744e-24   2.193723e-04   6.396168e-26   552
  5.297288e-01   2.231750e-24   1.174622e-08   1.809850e-25   72
  5.302324e-01   2.096149e-24   2.178926e-04   7.094434e-26   504
  5.308207e-01   1.912850e-24   7.011571e-05   8.866226e-26   216
  5.315829e-01   2.118968e-24   1.251868e-04   8.240269e-26   312
  5.322672e-01   1.788348e-24   1.425448e-04   7.109025e-26   336
  5.329194e-01   2.033456e-24   1.975831e-04   9.332256e-26   204
  5.335689e-01   2.357517e-24   2.296216e-04   8.187653e-26   504
  5.342577e-01   2.318251e-24   2.186657e-04   8.773782e-26   396
  5.349201e-01   1.903158e-24   2.005279e-04   7.586179e-26   312
  5.357232e-01   2.562878e-24   1.225440e-04   1.350333e-25   216
  5.362890e-01   2.201250e-24   6.650698e-05   1.446672e-25   168
  5.369766e-01   2.159606e-24   1.679338e-04   6.732968e-26   588
  5.377613e-01   1.967660e-24   2.279505e-04   9.994103e-26   240
  5.383710e-01   1.686299e-24   2.013185e-04   7.599089e-26   264
  5.390860e-01   2.081682e-24   2.489717e-04   9.772881e-26   288
  5.397204e-01   2.320498e-24   1.243261e-04   1.021407e-25   288
  5.405244e-01   1.862298e-24   1.167620e-04   7.938376e-26   288
  5.410658e-01   1.695687e-24   1.352591e-04   8.273833e-26   192
  5.417469e-01   1.930867e-24   1.439292e-04   9.607413e-26   264
  5.423957e-01   2.454847e-24   2.367436e-04   9.721387e-26   372
  5.430940e-01   2.529358e-24   2.556933e-04   1.032913e-25   360
  5.439463e-01   2.307281e-24   1.082118e-04   1.896799e-25   144
  5.443868e-01   1.901916e-24   1.503015e-04   8.183615e-26   296
  5.450821e-01   2.089716e-24   1.619421e-04   9.640087e-26   288
  5.458782e-01   2.099485e-24   2.420184e-04   8.150510e-26   480
  5.465649e-01   2.007908e-24   2.010942e-04   1.063801e-25   192
  5.472326e-01   2.193373e-24   2.157009e-04   1.138260e-25   192
  5.478395e-01   1.886949e-24   1.374687e-04   8.397271e-26   288
  5.486835e-01   1.735663e-24   1.196646e-04   1.133205e-25   108
  5.491087e-01   2.275759e-24   1.150429e-04   1.062983e-25   240
  5.498595e-01   1.912321e-24   2.146152e-04   7.122018e-26   384
  5.506307e-01   2.207323e-24   2.618062e-04   1.394444e-25   108
  5.513127e-01   2.326203e-24   1.535018e-04   8.377017e-26   348
  5.520298e-01   2.079892e-24   1.602006e-04   9.363860e-26   312
  5.526703e-01   1.841548e-24   1.556684e-04   1.749004e-25   96
  5.532593e-01   2.212990e-24   2.072444e-04   1.002743e-25   384
  5.539190e-01   2.147063e-24   1.425422e-04   1.195272e-25   144
  5.545642e-01   2.200577e-24   2.190224e-04   9.768215e-26   408
  5.553663e-01   1.945754e-24   9.769946e-05   1.297816e-25   144
  5.561240e-01   2.123276e-24   1.878283e-04   1.080318e-25   192
  5.565734e-01   2.100680e-24   2.114042e-04   1.393726e-25   144
  5.573059e-01   1.419501e-24   1.718794e-04   8.029678e-26   144
  5.579969e-01   2.089147e-24   2.100644e-04   7.832334e-26   336
  5.588433e-01   1.735634e-24   1.554210e-04   8.084774e-26   240
  5.593800e-01   2.372589e-24   7.057532e-05   1.577508e-25   96
  5.601284e-01   1.974334e-24   2.069634e-04   9.764987e-26   372
  5.608856e-01   1.824288e-24   2.461786e-04   1.580960e-25   132
  5.615507e-01   1.819280e-24   1.523323e-04   8.424570e-26   264
  5.621457e-01   2.133636e-24   1.169843e-04   1.335139e-25   168
  5.627807e-01   1.998733e-24   1.870354e-04   1.057457e-25   216
  5.633417e-01   1.904456e-24   1.144306e-04   9.430830e-26   216
  5.641586e-01   1.485725e-24   2.099325e-04   1.089933e-25   96
  5.648999e-01   2.274580e-24   1.369618e-04   1.853002e-25   120
  5.655797e-01   1.891301e-24   1.741170e-04   9.148437e-26   216
  5.661397e-01   1.704408e-24   7.608972e-05   8.616450e-26   200
  5.668812e-01   1.784066e-24   1.969636e-04   7.744665e-26   288
  5.678322e-01   1.443236e-24   5.182495e-05   8.516837e-26   144
  5.682326e-01   1.901549e-24   1.612761e-04   1.182907e-25   168
  5.690504e-01   2.101584e-24   1.815012e-04   1.327160e-25   159
  5.696887e-01   1.667861e-24   1.904384e-04   8.407330e-26   174
  5.703065e-01   1.907808e-24   1.726829e-04   1.026551e-25   144
  5.711154e-01   2.197199e-24   9.971188e-05   1.238462e-25   222
  5.716564e-01   2.042567e-24   1.006181e-04   1.239945e-25   168
  5.725909e-01   2.610274e-24   2.206942e-04   4.045086e-25   30
  5.729769e-01   1.731923e-24   1.948567e-04   1.466412e-25   72
  5.737039e-01   1.706341e-24   1.739073e-04   8.359653e-26   258
  5.745032e-01   1.803355e-24   1.089226e-04   8.856092e-26   264
  5.749029e-01   1.913499e-24   0.000000e+00   1.623053e-25   72
  5.757357e-01   1.634474e-24   2.158892e-04   7.411519e-26   174
  5.764898e-01   1.672433e-24   2.298822e-04   9.698368e-26   168
  5.770961e-01   1.842403e-24   7.193062e-09   1.859049e-25   48
  5.777470e-01   1.553630e-24   1.298199e-04   9.577440e-26   150
  5.785016e-01   1.796963e-24   2.388130e-04   8.820812e-26   168
  5.792583e-01   1.543436e-24   1.454738e-04   7.915437e-26   144
  5.799541e-01   1.714676e-24   1.359056e-04   1.609177e-25   102
  5.804724e-01   1.477835e-24   2.011636e-04   9.134888e-26   96
  5.812948e-01   1.461820e-24   1.996414e-04   8.324831e-26   120
  5.819038e-01   1.678810e-24   2.141206e-04   1.089089e-25   168
  5.825625e-01   1.816289e-24   1.581111e-04   1.386236e-25   126
  5.831237e-01   1.561764e-24   1.192474e-04   7.973421e-26   168
  5.838969e-01   1.645893e-24   1.912134e-04   1.293657e-25   72
  5.845726e-01   1.741492e-24   2.394418e-04   9.207468e-26   168
  5.851646e-01   1.872558e-24   6.564276e-05   1.826167e-25   78
  5.859757e-01   1.423864e-24   1.077805e-04   1.366854e-25   60
  5.866288e-01   1.851931e-24   1.748374e-04   1.486486e-25   96
  5.873062e-01   1.708672e-24   2.121507e-04   8.604532e-26   168
  5.879428e-01   1.623253e-24   1.342407e-04   1.137231e-25   86
  5.886107e-01   1.272727e-24   1.199794e-04   7.703757e-26   120
  5.895681e-01   1.456307e-24   8.556122e-05   7.453439e-26   168
  5.900844e-01   1.508727e-24   0.000000e+00   1.109280e-25   48
  5.907798e-01   1.968034e-24   1.558833e-04   1.247134e-25   120
  5.911793e-01   1.610481e-24   1.137231e-04   1.051303e-25   126
  5.921548e-01   1.444384e-24   2.000073e-04   9.844229e-26   96
  5.927878e-01   1.481774e-24   5.767222e-05   1.072023e-25   96
  5.932871e-01   1.568705e-24   0.000000e+00   1.050931e-25   72
  5.943508e-01   1.659538e-24   7.193062e-09   1.969969e-25   24
  5.950147e-01   1.443778e-24   1.186881e-04   8.843414e-26   120
  5.955326e-01   1.455512e-24   1.731294e-04   9.170061e-26   126
  5.961084e-01   1.594396e-24   1.443268e-04   1.006703e-25   96
  5.967813e-01   1.419443e-24   2.494389e-04   1.260784e-25   72
  5.975306e-01   1.492169e-24   1.078907e-04   7.859946e-26   144
  5.981469e-01   1.566301e-24   6.222882e-05   1.434037e-25   72
  5.987626e-01   2.087611e-24   1.242932e-04   1.962075e-25   54
  5.993045e-01   1.962870e-24   1.095319e-04   1.436764e-25   108
  6.004306e-01   1.418501e-24   1.073696e-04   1.159036e-25   72
  6.007812e-01   2.023943e-24   6.195595e-05   1.483292e-25   72
  6.016129e-01   1.866810e-24   1.245875e-08   2.281599e-25   24
  6.023999e-01   1.316799e-24   1.310705e-04   1.415342e-25   48
  6.028777e-01   1.453221e-24   9.984188e-05   1.088255e-25   102
  6.035970e-01   1.638544e-24   2.258008e-04   8.942171e-26   168
  6.045369e-01   1.378851e-24   1.231465e-04   1.271278e-25   72
  6.048851e-01   1.335274e-24   0.000000e+00   9.620009e-26   48
  6.056156e-01   1.534034e-24   2.118194e-04   8.939732e-26   120
  6.065796e-01   1.477075e-24   1.301673e-04   1.015660e-25   96
  6.074901e-01   1.645251e-24   1.409547e-08   1.809865e-25   30
  6.085723e-01   1.560898e-24   6.115837e-05   1.058056e-25   72
  6.090478e-01   1.855597e-24   7.193062e-09   4.316133e-25   24
  6.096586e-01   1.241009e-24   9.065181e-05   1.482013e-25   56
  6.103428e-01   1.552734e-24   1.293647e-04   1.023344e-25   96
  6.111616e-01   1.258050e-24   1.428503e-04   6.543137e-26   144
  6.117928e-01   1.470235e-24   8.110480e-05   1.398427e-25   54
  6.127099e-01   1.420331e-24   1.215036e-04   9.510051e-26   108
  6.136327e-01   1.893482e-24   6.433558e-05   1.669961e-25   48
  6.145113e-01   1.640122e-24   2.422440e-04   1.465130e-25   72
  6.166195e-01   1.560239e-24   1.600514e-04   1.546016e-25   78
  6.172037e-01   1.450580e-24   1.206188e-04   8.822453e-26   72
  6.178856e-01   1.322974e-24   1.204690e-04   1.091101e-25   72
  6.185986e-01   1.416432e-24   2.907051e-04   9.147841e-26   96
  6.191621e-01   1.564787e-24   1.202207e-04   1.310258e-25   72
  6.198419e-01   1.355632e-24   0.000000e+00   1.951248e-25   24
  6.205208e-01   1.397905e-24   2.398986e-04   1.344509e-25   72
  6.220544e-01   2.046396e-24   1.523430e-04   2.015684e-25   30
  6.223843e-01   1.074697e-24   0.000000e+00   1.278948e-25   24
  6.241578e-01   1.556043e-24   1.265014e-04   1.563510e-25   48
  6.247142e-01   1.454036e-24   2.722309e-04   1.174705e-25   120
  6.254637e-01   1.324280e-24   1.190257e-04   1.099551e-25   72
  6.262206e-01   1.652266e-24   1.188818e-04   1.388484e-25   36
  6.267409e-01   1.619438e-24   2.349657e-04   1.465089e-25   78
  6.281928e-01   1.614480e-24   1.256888e-04   1.059512e-25   48
  6.300754e-01   1.497071e-24   1.017253e-08   1.719223e-25   24
  6.314166e-01   1.256156e-24   8.752715e-05   1.010400e-25   56
  6.320919e-01   1.342493e-24   1.346877e-04   7.649591e-26   102
  6.329510e-01   1.736001e-24   9.590750e-09   1.491220e-25   72
  6.334498e-01   2.152305e-24   0.000000e+00   2.991234e-25   24
  6.343217e-01   1.195212e-24   1.244744e-04   1.150713e-25   48
  6.359378e-01   1.917921e-24   0.000000e+00   1.960156e-25   24
  6.379213e-01   1.501203e-24   0.000000e+00   2.113006e-25   6
  6.385398e-01   1.135559e-24   0.000000e+00   1.605305e-25   24
  6.389518e-01   1.422494e-24   1.165127e-04   1.237617e-25   72
  6.397046e-01   1.427393e-24   2.173655e-04   9.229721e-26   84
  6.405152e-01   1.997595e-24   0.000000e+00   2.623392e-25   24
  6.407617e-01   1.901868e-24   1.017253e-08   2.174705e-25   24
  6.419927e-01   1.900034e-24   7.193062e-09   2.953149e-25   24
  6.437123e-01   1.732439e-24   0.000000e+00   1.839182e-25   6
  6.459163e-01   1.215178e-24   1.222400e-04   1.217981e-25   48
  6.464458e-01   1.389349e-24   2.302802e-04   1.096332e-25   72
  6.471376e-01   1.554864e-24   1.220094e-04   1.409933e-25   48
  6.482347e-01   2.092548e-24   0.000000e+00   3.676396e-25   24
  6.496947e-01   1.206314e-24   7.193062e-09   1.533684e-25   6
  6.529678e-01   1.294399e-24   0.000000e+00   2.507775e-25   8
  6.532096e-01   1.226864e-24   7.193062e-09   1.242684e-25   48
  6.537895e-01   1.842831e-24   1.183236e-04   1.476787e-25   60
  6.546585e-01   1.600778e-24   0.000000e+00   2.315105e-25   24
  6.558634e-01   1.451524e-24   0.000000e+00   1.866132e-25   6
  6.603027e-01   1.786133e-24   0.000000e+00   1.939129e-25   24
  6.606613e-01   1.190775e-24   1.195118e-04   1.710320e-25   48
  6.612586e-01   1.094889e-24   0.000000e+00   1.515324e-25   24
  6.622132e-01   1.188226e-24   7.193062e-09   4.116353e-25   6
  6.676359e-01   1.648170e-24   1.114931e-04   2.488229e-25   36
  6.680300e-01   1.552504e-24   0.000000e+00   1.304028e-25   24
  6.687387e-01   1.430872e-24   0.000000e+00   3.741806e-25   6
  6.749089e-01   1.916852e-24   1.013241e-04   1.839448e-25   32
  6.754351e-01   1.856171e-24   7.193062e-09   3.637471e-25   6
  6.820657e-01   1.609450e-24   0.000000e+00   1.968091e-25   12
  6.822972e-01   7.106224e-25   0.000000e+00   1.802815e-25   6
  6.893201e-01   8.083326e-25   1.017253e-08   1.950664e-25   6
