# power spectrum of delta
# redshift z=0.000000
# k              Pk             sigma(k)       sigma(Pk)      count
  1.256637e-02   1.190234e-03   0.000000e+00   4.418650e-04   6
  1.777153e-02   8.481497e-03   0.000000e+00   1.877362e-03   12
  2.176559e-02   1.086874e-02   2.384186e-10   3.089998e-03   8
  2.513274e-02   1.749294e-02   0.000000e+00   4.671246e-03   6
  2.809926e-02   2.213303e-02   0.000000e+00   2.896024e-03   24
  3.078120e-02   2.718748e-02   4.495664e-10   5.351303e-03   24
  3.554306e-02   1.295637e-02   0.000000e+00   3.065878e-03   12
  3.769911e-02   4.250267e-02   5.086263e-10   4.687194e-03   30
  3.973835e-02   3.068636e-02   0.000000e+00   5.684272e-03   24
  4.167794e-02   4.466551e-02   7.786718e-10   8.917810e-03   24
  4.353118e-02   1.007970e-01   4.768372e-10   3.599274e-02   8
  4.530869e-02   4.704638e-02   6.357829e-10   8.703475e-03   24
  4.701905e-02   4.620050e-02   0.000000e+00   5.295189e-03   48
  5.026548e-02   4.805171e-02   0.000000e+00   2.270396e-03   6
  5.181247e-02   8.541029e-02   8.991328e-10   9.288436e-03   48
  5.331460e-02   8.618964e-02   0.000000e+00   1.269308e-02   36
  5.477554e-02   4.835373e-02   6.357829e-10   1.303845e-02   24
  5.619852e-02   6.641747e-02   0.000000e+00   1.078374e-02   24
  5.758634e-02   8.000107e-02   0.000000e+00   1.089872e-02   48
  5.894150e-02   1.381830e-01   8.991328e-10   2.671362e-02   24
  6.156239e-02   9.516301e-02   8.991328e-10   2.001166e-02   24
  6.283185e-02   1.234249e-01   0.000000e+00   2.137986e-02   30
  6.407617e-02   1.296590e-01   0.000000e+00   1.315650e-02   72
  6.529678e-02   1.546359e-01   9.536743e-10   2.483092e-02   32
  6.767198e-02   1.238106e-01   0.000000e+00   1.936562e-02   72
  6.882885e-02   1.299384e-01   0.000000e+00   1.682899e-02   48
  7.108613e-02   8.251101e-02   0.000000e+00   1.599743e-02   12
  7.218830e-02   1.756694e-01   0.000000e+00   2.311308e-02   48
  7.327390e-02   1.764768e-01   0.000000e+00   2.540915e-02   48
  7.434365e-02   1.224442e-01   8.991328e-10   1.828371e-02   48
  7.539822e-02   1.311575e-01   1.017253e-09   2.116510e-02   30
  7.643825e-02   1.480607e-01   8.991328e-10   2.228001e-02   24
  7.746431e-02   1.692554e-01   1.895538e-09   1.547977e-02   72
  7.947671e-02   1.538001e-01   0.000000e+00   6.296980e-02   24
  8.046403e-02   2.180380e-01   0.000000e+00   2.102287e-02   96
  8.143939e-02   1.310122e-01   0.000000e+00   2.225814e-02   48
  8.240320e-02   1.616777e-01   1.557344e-09   2.710529e-02   24
  8.335587e-02   3.224031e-01   1.557344e-09   5.380025e-02   24
  8.429778e-02   1.936863e-01   0.000000e+00   2.457022e-02   72
  8.522927e-02   2.095923e-01   0.000000e+00   2.798416e-02   48
  8.706237e-02   3.030583e-01   9.536743e-10   1.086757e-01   8
  8.796459e-02   2.097092e-01   1.130281e-09   1.987026e-02   54
  8.885766e-02   2.505032e-01   0.000000e+00   2.995095e-02   84
  8.974184e-02   1.711635e-01   0.000000e+00   2.367475e-02   48
  9.061739e-02   1.765712e-01   1.271566e-09   4.575905e-02   24
  9.148456e-02   1.974365e-01   1.198844e-09   2.306176e-02   72
  9.234359e-02   1.903595e-01   0.000000e+00   1.696824e-02   96
  9.403811e-02   1.844295e-01   0.000000e+00   2.002629e-02   48
  9.487402e-02   1.812627e-01   0.000000e+00   2.261904e-02   48
  9.570263e-02   1.385980e-01   1.271566e-09   3.105411e-02   24
  9.652412e-02   1.740308e-01   0.000000e+00   2.041075e-02   72
  9.814649e-02   2.128863e-01   1.198844e-09   2.509293e-02   72
  9.894770e-02   1.919003e-01   0.000000e+00   1.738906e-02   96
  1.005310e-01   4.809191e-02   0.000000e+00   1.987328e-02   6
  1.013133e-01   2.104589e-01   0.000000e+00   2.305702e-02   96
  1.020897e-01   2.148412e-01   1.271566e-09   1.774861e-02   96
  1.028602e-01   2.790876e-01   0.000000e+00   4.947276e-02   24
  1.036249e-01   2.202734e-01   1.798266e-09   3.129986e-02   48
  1.043841e-01   1.651550e-01   0.000000e+00   1.588468e-02   96
  1.051378e-01   1.687591e-01   0.000000e+00   2.114854e-02   48
  1.066292e-01   2.417108e-01   0.000000e+00   4.613946e-02   36
  1.073671e-01   1.733935e-01   2.202416e-09   3.323609e-02   48
  1.081000e-01   2.194937e-01   2.491750e-09   2.128194e-02   120
  1.088280e-01   2.662002e-01   0.000000e+00   3.025001e-02   56
  1.095511e-01   1.400601e-01   1.271566e-09   3.393077e-02   24
  1.102695e-01   1.849171e-01   0.000000e+00   1.709793e-02   96
  1.109832e-01   2.787308e-01   0.000000e+00   3.866526e-02   48
  1.123970e-01   2.039435e-01   0.000000e+00   4.002549e-02   24
  1.130973e-01   2.818312e-01   0.000000e+00   2.558888e-02   102
  1.137933e-01   3.322973e-01   0.000000e+00   6.936846e-02   48
  1.144851e-01   3.475043e-01   0.000000e+00   3.214203e-02   72
  1.151727e-01   2.308504e-01   0.000000e+00   3.561674e-02   48
  1.158562e-01   3.421358e-01   0.000000e+00   5.921937e-02   48
  1.165357e-01   2.879153e-01   2.877225e-09   2.751636e-02   120
  1.178830e-01   1.466166e-01   1.798266e-09   3.069643e-02   24
  1.185509e-01   2.753155e-01   1.695421e-09   2.147091e-02   144
  1.192151e-01   2.539097e-01   2.034505e-09   2.259191e-02   120
  1.198755e-01   3.488989e-01   1.798266e-09   4.783040e-02   48
  1.211857e-01   2.665472e-01   1.798266e-09   4.380887e-02   48
  1.218355e-01   2.738438e-01   1.798266e-09   3.212358e-02   96
  1.235512e-01   2.699628e-01   3.015167e-04   4.109868e-02   72
  1.244007e-01   2.955256e-01   2.260561e-09   2.730177e-02   108
  1.250338e-01   2.568273e-01   0.000000e+00   2.924638e-02   72
  1.256637e-01   3.532600e-01   0.000000e+00   4.562290e-02   30
  1.262905e-01   3.333411e-01   0.000000e+00   2.499823e-02   168
  1.269141e-01   3.758174e-01   0.000000e+00   6.090717e-02   48
  1.281523e-01   3.317801e-01   0.000000e+00   3.691579e-02   72
  1.287670e-01   3.872856e-01   0.000000e+00   3.562680e-02   96
  1.293787e-01   2.853005e-01   3.390842e-09   2.643036e-02   72
  1.299875e-01   3.041220e-01   0.000000e+00   3.018396e-02   72
  1.310112e-01   2.480719e-01   2.784031e-04   2.146024e-02   104
  1.317972e-01   3.397808e-01   2.397687e-09   2.970994e-02   144
  1.335824e-01   4.109024e-01   4.021044e-09   4.529365e-02   96
  1.341721e-01   2.761328e-01   0.000000e+00   3.182459e-02   96
  1.351101e-01   2.671509e-01   2.864148e-04   2.599267e-02   120
  1.359261e-01   2.902724e-01   0.000000e+00   3.232025e-02   120
  1.365057e-01   3.882284e-01   0.000000e+00   3.958797e-02   72
  1.376577e-01   4.450054e-01   0.000000e+00   5.695618e-02   48
  1.382301e-01   2.625976e-01   2.710666e-09   2.646148e-02   78
  1.389623e-01   2.861112e-01   2.564571e-04   2.174605e-02   168
  1.404963e-01   3.507999e-01   2.397687e-09   3.641287e-02   144
  1.410572e-01   4.187026e-01   2.397687e-09   3.144304e-02   144
  1.426839e-01   3.755590e-01   1.476986e-04   2.976026e-02   156
  1.432787e-01   3.047353e-01   3.114687e-09   4.046007e-02   48
  1.438287e-01   3.323537e-01   2.034505e-09   3.303081e-02   120
  1.443766e-01   3.783142e-01   0.000000e+00   5.363124e-02   48
  1.453454e-01   2.965125e-01   2.260797e-04   2.032956e-02   216
  1.465478e-01   3.038163e-01   0.000000e+00   4.850935e-02   48
  1.470856e-01   2.744491e-01   1.798266e-09   3.659558e-02   96
  1.478502e-01   3.203481e-01   2.642094e-04   2.439409e-02   168
  1.486873e-01   2.760960e-01   1.798266e-09   3.748405e-02   48
  1.492174e-01   3.138203e-01   0.000000e+00   2.920304e-02   96
  1.497456e-01   2.306087e-01   0.000000e+00   3.075999e-02   48
  1.507964e-01   2.820672e-01   2.034505e-09   4.531786e-02   30
  1.513191e-01   3.835509e-01   1.798266e-09   3.825815e-02   96
  1.519439e-01   3.534243e-01   2.076451e-04   2.394484e-02   240
  1.527472e-01   3.206481e-01   2.240191e-04   6.970186e-02   32
  1.533921e-01   2.748604e-01   0.000000e+00   1.594423e-02   168
  1.539060e-01   3.645886e-01   0.000000e+00   2.953097e-02   120
  1.549286e-01   3.896394e-01   3.791077e-09   4.727236e-02   72
  1.554374e-01   3.362958e-01   2.397687e-09   2.455370e-02   144
  1.559446e-01   2.970255e-01   0.000000e+00   3.355597e-02   96
  1.564501e-01   3.085345e-01   0.000000e+00   3.399865e-02   96
  1.574562e-01   5.638474e-01   2.936555e-09   6.451037e-02   72
  1.579568e-01   3.323594e-01   2.543132e-09   4.475867e-02   96
  1.589534e-01   4.640798e-01   0.000000e+00   1.320542e-01   24
  1.594494e-01   3.907161e-01   0.000000e+00   2.779676e-02   192
  1.600334e-01   3.079960e-01   1.901066e-04   2.978887e-02   132
  1.609281e-01   2.610286e-01   0.000000e+00   2.424449e-02   96
  1.614180e-01   2.881228e-01   0.000000e+00   2.785857e-02   96
  1.619064e-01   3.278010e-01   2.034505e-09   3.152611e-02   120
  1.628788e-01   3.063063e-01   0.000000e+00   4.199378e-02   48
  1.636759e-01   3.822673e-01   2.303939e-04   2.617664e-02   222
  1.643266e-01   2.718682e-01   0.000000e+00   3.428815e-02   120
  1.648064e-01   2.599343e-01   3.114687e-09   5.273242e-02   24
  1.655050e-01   3.830909e-01   2.378000e-04   2.699407e-02   312
  1.670270e-01   4.309495e-01   2.229470e-04   4.765921e-02   72
  1.676563e-01   4.551425e-01   1.798266e-09   5.863393e-02   96
  1.683024e-01   3.598812e-01   2.270407e-04   3.167795e-02   192
  1.690632e-01   3.429069e-01   2.877225e-09   2.557515e-02   120
  1.695296e-01   3.991675e-01   0.000000e+00   3.707433e-02   144
  1.704585e-01   3.265289e-01   0.000000e+00   5.199927e-02   48
  1.711188e-01   3.572891e-01   2.282974e-04   2.008470e-02   336
  1.718425e-01   2.675488e-01   0.000000e+00   2.543370e-02   48
  1.727590e-01   3.666545e-01   0.000000e+00   3.252045e-02   192
  1.732155e-01   2.255417e-01   0.000000e+00   2.952838e-02   48
  1.745129e-01   2.964609e-01   1.584683e-04   3.441796e-02   56
  1.751580e-01   3.703247e-01   2.035272e-04   1.900836e-02   336
  1.759292e-01   4.275152e-01   2.260561e-09   6.115373e-02   54
  1.766010e-01   4.224076e-01   2.235459e-04   2.908729e-02   240
  1.779956e-01   3.083820e-01   2.140470e-04   1.837325e-02   228
  1.786017e-01   2.827631e-01   2.397687e-09   2.861722e-02   72
  1.791900e-01   3.984609e-01   2.076308e-04   3.749248e-02   144
  1.799230e-01   4.982275e-01   0.000000e+00   5.911619e-02   96
  1.803613e-01   3.444267e-01   2.877225e-09   2.498437e-02   240
  1.812348e-01   3.230979e-01   2.543132e-09   6.286754e-02   24
  1.817939e-01   4.011481e-01   1.961057e-04   2.373988e-02   336
  1.825371e-01   3.243217e-01   0.000000e+00   4.586929e-02   72
  1.832154e-01   3.995464e-01   2.133012e-04   3.082726e-02   168
  1.838302e-01   5.307136e-01   0.000000e+00   4.268784e-02   72
  1.846872e-01   4.004432e-01   0.000000e+00   4.155190e-02   96
  1.853509e-01   2.888408e-01   2.117011e-04   2.005518e-02   216
  1.859653e-01   3.925772e-01   2.543132e-09   3.754610e-02   96
  1.868125e-01   4.380230e-01   0.000000e+00   3.457545e-02   192
  1.872347e-01   4.273102e-01   2.397687e-09   3.263114e-02   144
  1.880762e-01   3.004383e-01   0.000000e+00   3.797230e-02   48
  1.886588e-01   4.198685e-01   2.041047e-04   3.017605e-02   246
  1.894505e-01   4.232286e-01   1.881878e-04   3.143566e-02   168
  1.901637e-01   4.170671e-01   3.523866e-09   4.125864e-02   120
  1.905784e-01   4.074586e-01   0.000000e+00   3.022770e-02   240
  1.914053e-01   4.834956e-01   2.543132e-09   5.923513e-02   24
  1.920640e-01   3.578507e-01   2.014384e-04   1.924387e-02   360
  1.928845e-01   4.556091e-01   2.005812e-04   4.142421e-02   120
  1.934568e-01   4.774718e-01   0.000000e+00   3.975016e-02   144
  1.938645e-01   5.679748e-01   0.000000e+00   5.854769e-02   96
  1.950825e-01   4.100685e-01   0.000000e+00   3.991808e-02   144
  1.954868e-01   4.341754e-01   0.000000e+00   3.379085e-02   132
  1.960551e-01   3.756949e-01   1.979707e-04   2.948267e-02   176
  1.968799e-01   3.527726e-01   1.999105e-04   2.161144e-02   312
  1.978954e-01   3.258252e-01   0.000000e+00   3.268439e-02   96
  1.982940e-01   3.868276e-01   0.000000e+00   3.306590e-02   144
  1.989055e-01   3.931141e-01   1.979053e-04   2.162513e-02   312
  1.998804e-01   1.934815e-01   0.000000e+00   2.322196e-02   48
  2.002750e-01   4.200473e-01   2.543132e-09   3.104445e-02   192
  2.010619e-01   7.342754e-01   0.000000e+00   1.335884e-01   6
  2.015848e-01   3.787176e-01   1.845802e-04   2.578783e-02   288
  2.024316e-01   3.641806e-01   1.950210e-04   2.582062e-02   192
  2.030159e-01   4.067700e-01   4.521123e-09   2.653861e-02   216
  2.034045e-01   4.085120e-01   0.000000e+00   5.307986e-02   72
  2.043725e-01   3.643069e-01   1.931689e-04   2.542048e-02   192
  2.050154e-01   4.082019e-01   1.434383e-04   2.462541e-02   288
  2.057204e-01   3.828248e-01   0.000000e+00   8.504403e-02   24
  2.062650e-01   3.635254e-01   1.889681e-04   1.933634e-02   456
  2.072499e-01   4.918110e-01   0.000000e+00   7.425956e-02   48
  2.078585e-01   4.148394e-01   1.861260e-04   2.641402e-02   240
  2.085579e-01   3.599546e-01   1.881013e-04   2.124258e-02   216
  2.091461e-01   4.886741e-01   0.000000e+00   5.335319e-02   72
  2.095233e-01   5.113525e-01   6.498988e-09   4.033588e-02   168
  2.105882e-01   3.945770e-01   1.398129e-04   2.482892e-02   288
  2.111855e-01   4.480893e-01   1.849965e-04   3.982494e-02   168
  2.121448e-01   3.262350e-01   0.000000e+00   2.999181e-02   192
  2.125166e-01   3.491673e-01   2.397687e-09   3.188475e-02   144
  2.132584e-01   5.718888e-01   0.000000e+00   7.153717e-02   36
  2.138874e-01   4.150006e-01   1.689411e-04   2.325370e-02   342
  2.144889e-01   4.768298e-01   1.734820e-04   4.079418e-02   144
  2.152621e-01   4.110620e-01   1.819392e-04   2.613969e-02   384
  2.162000e-01   3.774750e-01   4.983500e-09   3.736045e-02   120
  2.166643e-01   5.107920e-01   1.622368e-04   3.461430e-02   264
  2.172929e-01   4.018768e-01   8.042088e-09   3.399537e-02   192
  2.178848e-01   3.237063e-01   1.748412e-04   2.940881e-02   152
  2.183802e-01   4.824495e-01   2.397687e-09   5.047993e-02   144
  2.194222e-01   3.811816e-01   1.131589e-04   3.023013e-02   216
  2.199045e-01   4.311368e-01   1.512105e-04   2.629717e-02   312
  2.207535e-01   4.274831e-01   1.752500e-04   2.810874e-02   240
  2.212538e-01   3.303691e-01   2.543132e-09   3.725744e-02   96
  2.222033e-01   3.290283e-01   1.675517e-04   3.326847e-02   144
  2.227885e-01   3.153393e-01   1.646885e-04   1.540638e-02   456
  2.237379e-01   3.307047e-01   0.000000e+00   3.100626e-02   120
  2.240905e-01   4.315836e-01   0.000000e+00   4.421985e-02   144
  2.247941e-01   5.088418e-01   0.000000e+00   9.413177e-02   24
  2.252452e-01   3.619695e-01   1.583038e-04   2.036843e-02   336
  2.260253e-01   3.810590e-01   1.745876e-04   2.703509e-02   198
  2.267563e-01   3.928550e-01   1.697764e-04   2.239137e-02   432
  2.275867e-01   7.349993e-01   0.000000e+00   1.371036e-01   48
  2.280199e-01   4.236212e-01   1.498832e-04   2.586710e-02   384
  2.287976e-01   3.566280e-01   1.725473e-04   3.272806e-02   144
  2.295024e-01   4.753341e-01   1.713168e-04   3.441523e-02   264
  2.303454e-01   4.186718e-01   2.543132e-09   4.845175e-02   48
  2.309110e-01   3.944053e-01   1.628943e-04   2.643223e-02   276
  2.314567e-01   3.614280e-01   1.476593e-04   2.538540e-02   192
  2.321860e-01   3.776360e-01   1.659366e-04   1.646882e-02   552
  2.330715e-01   4.599692e-01   2.877225e-09   5.956300e-02   120
  2.335978e-01   3.687024e-01   1.679687e-04   2.607138e-02   216
  2.340855e-01   4.947923e-01   4.069010e-09   5.023148e-02   120
  2.349569e-01   4.313592e-01   1.654080e-04   2.026328e-02   408
  2.357660e-01   1.766309e-01   3.596531e-09   2.998324e-02   24
  2.362678e-01   4.248151e-01   1.670919e-04   2.199186e-02   384
  2.369685e-01   3.528207e-01   1.632547e-04   2.054037e-02   240
  2.375770e-01   3.953902e-01   1.644502e-04   2.308580e-02   168
  2.384301e-01   3.298285e-01   0.000000e+00   4.518668e-02   120
  2.389801e-01   3.696519e-01   1.714308e-04   2.118551e-02   350
  2.398744e-01   5.004996e-01   2.822081e-04   3.190355e-02   384
  2.404088e-01   4.717068e-01   0.000000e+00   4.870055e-02   144
  2.413921e-01   3.823640e-01   0.000000e+00   2.597873e-02   288
  2.419055e-01   4.403407e-01   1.615394e-04   2.693934e-02   336
  2.426039e-01   3.743690e-01   1.470682e-04   3.213326e-02   168
  2.430220e-01   4.702009e-01   6.498988e-09   2.962743e-02   336
  2.438868e-01   3.358719e-01   1.526480e-04   2.493883e-02   288
  2.444062e-01   4.599464e-01   1.438335e-04   3.569527e-02   264
  2.452858e-01   4.233499e-01   0.000000e+00   3.308470e-02   240
  2.456075e-01   3.590575e-01   3.596531e-09   3.522567e-02   96
  2.467620e-01   4.525435e-01   1.956039e-04   2.557615e-02   360
  2.473008e-01   5.108212e-01   1.441936e-04   5.631366e-02   168
  2.479816e-01   4.118999e-01   1.571860e-04   2.219275e-02   456
  2.488014e-01   4.677995e-01   3.196917e-09   5.362590e-02   108
  2.492626e-01   3.276816e-01   1.577159e-04   2.061642e-02   264
  2.498378e-01   3.425329e-01   1.407083e-04   2.106513e-02   264
  2.506256e-01   3.797790e-01   1.327788e-04   2.283736e-02   312
  2.516065e-01   3.974426e-01   9.866910e-05   2.643831e-02   270
  2.520176e-01   5.015305e-01   1.252729e-04   3.626116e-02   240
  2.527567e-01   4.295434e-01   1.549783e-04   2.855064e-02   384
  2.532054e-01   3.916822e-01   3.596531e-09   3.015905e-02   192
  2.540769e-01   4.349452e-01   1.243495e-04   2.847979e-02   240
  2.545825e-01   4.403585e-01   1.534673e-04   2.380228e-02   336
  2.555333e-01   4.207329e-01   1.544942e-04   1.940287e-02   480
  2.563047e-01   7.215506e-01   5.873111e-09   1.399556e-01   72
  2.567356e-01   4.522695e-01   1.506459e-04   2.926813e-02   240
  2.573216e-01   4.593806e-01   1.415865e-04   3.036961e-02   312
  2.579934e-01   3.471222e-01   1.530210e-04   2.315477e-02   240
  2.590086e-01   4.591882e-01   1.162564e-04   2.234222e-02   408
  2.594104e-01   4.208725e-01   1.064628e-04   2.508124e-02   336
  2.601958e-01   4.586948e-01   1.351816e-04   3.274514e-02   264
  2.605818e-01   3.459633e-01   0.000000e+00   2.986983e-02   144
  2.616557e-01   3.784927e-01   1.873697e-04   1.870307e-02   464
  2.622215e-01   3.784379e-01   1.489973e-04   2.984528e-02   168
  2.627801e-01   3.696251e-01   1.357041e-04   2.157917e-02   336
  2.637897e-01   4.595793e-01   1.425837e-04   2.566596e-02   414
  2.643588e-01   4.163778e-01   1.484211e-04   3.061218e-02   216
  2.650879e-01   6.876944e-01   3.596531e-09   7.722449e-02   96
  2.653856e-01   4.676893e-01   8.042088e-09   2.709479e-02   384
  2.664284e-01   4.706773e-01   1.481344e-04   2.319303e-02   492
  2.669873e-01   5.243994e-01   1.448627e-04   4.291859e-02   240
  2.676189e-01   3.682426e-01   1.470864e-04   2.308733e-02   312
  2.684913e-01   3.673215e-01   1.470380e-04   3.461706e-02   192
  2.690439e-01   3.714631e-01   1.424976e-04   1.967651e-02   504
  2.697770e-01   3.932626e-01   9.433586e-05   2.299124e-02   408
  2.703542e-01   3.975019e-01   2.890096e-04   3.637088e-02   168
  2.710765e-01   5.391910e-01   1.372821e-04   3.836859e-02   288
  2.716826e-01   4.920465e-01   1.432656e-04   3.580575e-02   288
  2.723035e-01   3.340115e-01   1.440903e-04   1.755160e-02   432
  2.732042e-01   4.351142e-01   1.362614e-04   3.315533e-02   216
  2.736854e-01   4.011650e-01   1.359739e-04   2.696624e-02   360
  2.745421e-01   3.956061e-01   1.327092e-04   2.925413e-02   312
  2.753154e-01   6.731839e-01   0.000000e+00   8.917171e-02   48
  2.757611e-01   4.198223e-01   1.422834e-04   2.340599e-02   432
  2.765594e-01   3.984490e-01   2.373302e-04   1.969571e-02   414
  2.770308e-01   5.199253e-01   0.000000e+00   3.342462e-02   312
  2.779102e-01   4.680349e-01   2.082441e-04   2.899124e-02   528
  2.785037e-01   5.412040e-01   1.093105e-04   3.847949e-02   264
  2.792167e-01   4.255362e-01   1.296122e-04   2.464459e-02   480
  2.801483e-01   4.301678e-01   0.000000e+00   2.774365e-02   288
  2.805506e-01   4.170697e-01   1.392643e-04   3.444304e-02   168
  2.812867e-01   5.160945e-01   2.204550e-04   2.911913e-02   504
  2.821143e-01   5.945351e-01   3.390842e-09   5.643199e-02   144
  2.826350e-01   4.152410e-01   1.415850e-04   2.298081e-02   464
  2.834173e-01   4.062922e-01   2.077839e-04   2.240126e-02   432
  2.837886e-01   4.472242e-01   0.000000e+00   4.370600e-02   192
  2.847481e-01   4.455051e-01   1.540373e-04   3.969604e-02   396
  2.853147e-01   3.218805e-01   1.383680e-04   2.282621e-02   288
  2.858874e-01   3.994207e-01   1.366839e-04   2.699666e-02   336
  2.868021e-01   4.143581e-01   8.655099e-05   2.636883e-02   432
  2.873827e-01   3.756958e-01   2.243281e-04   2.100913e-02   360
  2.880345e-01   3.930556e-01   1.326934e-04   2.072948e-02   384
  2.889603e-01   3.727876e-01   1.171274e-04   2.985704e-02   198
  2.894063e-01   3.556610e-01   1.331357e-04   1.570638e-02   552
  2.902381e-01   4.657966e-01   1.863809e-04   2.736889e-02   432
  2.909325e-01   4.564395e-01   4.110321e-09   3.927735e-02   168
  2.915153e-01   4.922766e-01   2.310442e-04   2.896577e-02   480
  2.922863e-01   4.885132e-01   4.069010e-09   4.224684e-02   120
  2.926334e-01   4.796024e-01   1.887069e-04   2.820959e-02   336
  2.934802e-01   4.315379e-01   1.331298e-04   2.142451e-02   672
  2.943175e-01   4.521135e-01   1.936554e-04   2.334463e-02   528
  2.947075e-01   2.792705e-01   0.000000e+00   2.435623e-02   168
  2.956085e-01   4.248216e-01   2.160213e-04   2.436272e-02   456
  2.961583e-01   5.787360e-01   1.319260e-04   7.463091e-02   168
  2.967291e-01   4.266312e-01   1.316892e-04   2.258989e-02   504
  2.976778e-01   3.980105e-01   1.694638e-04   2.897263e-02   336
  2.982515e-01   4.438174e-01   1.221633e-04   3.624030e-02   312
  2.988879e-01   4.576658e-01   1.193619e-04   2.598643e-02   504
  2.997254e-01   4.415444e-01   8.281656e-05   2.335040e-02   432
  3.001192e-01   3.734425e-01   1.279790e-04   2.625078e-02   312
  3.009377e-01   3.859586e-01   1.311847e-04   2.084519e-02   384
  3.017923e-01   6.403234e-01   1.114566e-04   6.766930e-02   126
  3.023199e-01   4.663603e-01   1.956913e-04   2.590305e-02   492
  3.029938e-01   5.235249e-01   1.253405e-04   3.124721e-02   528
  3.038360e-01   4.191172e-01   1.273190e-04   2.262204e-02   480
  3.043581e-01   5.013663e-01   1.758905e-04   2.915713e-02   432
  3.051137e-01   4.151709e-01   1.383146e-04   2.524060e-02   440
  3.059913e-01   4.491827e-01   6.878330e-05   3.355605e-02   312
  3.063206e-01   4.179784e-01   1.030775e-04   2.159532e-02   480
  3.069960e-01   3.952057e-01   2.018238e-04   2.007902e-02   408
  3.079829e-01   4.927955e-01   1.208696e-04   2.964706e-02   360
  3.083998e-01   4.157939e-01   1.166348e-04   2.362474e-02   408
  3.091725e-01   4.510695e-01   1.186907e-04   2.872598e-02   456
  3.100425e-01   4.536221e-01   1.134390e-04   3.134228e-02   264
  3.105254e-01   4.303199e-01   1.231098e-04   2.320064e-02   384
  3.112283e-01   3.768358e-01   2.072640e-04   1.639152e-02   672
  3.120409e-01   5.450116e-01   1.239707e-04   4.390241e-02   240
  3.125099e-01   4.014908e-01   1.257992e-04   2.643333e-02   264
  3.131717e-01   3.411553e-01   1.551526e-04   1.626036e-02   624
  3.141593e-01   3.797570e-01   0.000000e+00   4.152297e-02   150
  3.145109e-01   5.073588e-01   1.738607e-04   2.396684e-02   600
  3.152524e-01   5.712254e-01   1.199942e-04   3.286727e-02   672
  3.160921e-01   4.271312e-01   1.128630e-04   2.532556e-02   336
  3.165599e-01   4.904620e-01   1.227621e-04   2.857023e-02   408
  3.173072e-01   4.463728e-01   1.224729e-04   2.666564e-02   408
  3.181385e-01   5.003632e-01   6.192886e-05   3.255745e-02   360
  3.186510e-01   4.609045e-01   2.273829e-04   2.863541e-02   456
  3.192699e-01   4.614815e-01   1.236522e-04   2.744222e-02   384
  3.200577e-01   3.209831e-01   1.141466e-04   1.855038e-02   348
  3.204835e-01   5.234748e-01   1.407202e-04   2.707179e-02   576
  3.212832e-01   4.369497e-01   1.158646e-04   2.305890e-02   504
  3.221013e-01   4.576722e-01   1.634203e-04   2.534362e-02   432
  3.228154e-01   4.882112e-01   2.223325e-04   2.662431e-02   576
  3.233247e-01   3.720265e-01   5.231318e-09   3.062733e-02   264
  3.241325e-01   4.240332e-01   1.769212e-04   1.647831e-02   768
  3.248351e-01   3.228370e-01   2.381921e-04   2.023295e-02   240
  3.253937e-01   4.238118e-01   2.100629e-04   3.871596e-02   192
  3.262073e-01   3.815551e-01   1.546319e-04   2.054563e-02   504
  3.268108e-01   4.808587e-01   2.083724e-04   2.176590e-02   590
  3.273894e-01   5.101426e-01   2.334698e-04   4.620129e-02   384
  3.281151e-01   4.501655e-01   1.951120e-04   2.645353e-02   504
  3.289911e-01   4.641373e-01   1.877651e-04   2.565238e-02   648
  3.298409e-01   4.107513e-01   5.099453e-05   2.545467e-02   504
  3.301835e-01   4.693877e-01   1.163281e-04   3.938574e-02   312
  3.307884e-01   4.984080e-01   1.676002e-04   2.319321e-02   576
  3.316189e-01   4.714945e-01   1.166339e-04   3.147274e-02   240
  3.321030e-01   3.829475e-01   1.178530e-04   1.944812e-02   552
  3.327882e-01   4.632897e-01   1.106612e-04   2.486116e-02   600
  3.337643e-01   4.354120e-01   1.351639e-04   2.940955e-02   600
  3.343511e-01   3.851364e-01   2.164544e-04   2.821120e-02   312
  3.349356e-01   4.609522e-01   1.885103e-04   2.626463e-02   480
  3.356656e-01   3.767684e-01   1.176123e-04   1.929995e-02   576
  3.363084e-01   4.483067e-01   1.893814e-04   2.851666e-02   408
  3.368787e-01   2.799694e-01   2.209222e-04   2.179031e-02   216
  3.376156e-01   4.115768e-01   1.692015e-04   2.024395e-02   516
  3.384050e-01   4.222370e-01   1.614354e-04   2.019078e-02   744
  3.392194e-01   4.997415e-01   1.078246e-04   2.744035e-02   462
  3.396796e-01   4.258479e-01   1.095881e-04   2.800986e-02   432
  3.403934e-01   4.941628e-01   1.016670e-04   3.023642e-02   648
  3.412327e-01   5.076679e-01   1.487578e-04   3.732286e-02   528
  3.419069e-01   4.486012e-01   1.791415e-04   2.313874e-02   600
  3.425805e-01   6.528252e-01   2.258506e-04   5.500838e-02   240
  3.432329e-01   4.503763e-01   1.729994e-04   2.366187e-02   720
  3.439912e-01   4.894332e-01   1.368738e-04   2.533211e-02   720
  3.448318e-01   3.035286e-01   0.000000e+00   2.926674e-02   144
  3.452742e-01   4.507237e-01   1.764713e-04   2.209098e-02   720
  3.459035e-01   4.309113e-01   1.058157e-04   2.593696e-02   384
  3.466913e-01   3.884580e-01   1.173023e-04   1.820546e-02   672
  3.474387e-01   5.216531e-01   2.053834e-04   4.171453e-02   336
  3.477957e-01   3.874527e-01   4.795375e-09   2.751590e-02   288
  3.486699e-01   4.001794e-01   1.625472e-04   1.682150e-02   776
  3.494792e-01   3.886595e-01   1.390838e-04   1.744325e-02   720
  3.501588e-01   3.588205e-01   1.120422e-04   1.926145e-02   432
  3.507024e-01   4.146051e-01   1.597303e-04   2.389902e-02   504
  3.513071e-01   4.347282e-01   1.119137e-04   2.343660e-02   528
  3.521533e-01   4.487902e-01   1.524759e-04   3.153261e-02   438
  3.528495e-01   4.962009e-01   1.774680e-04   2.732808e-02   624
  3.533741e-01   5.160984e-01   2.173744e-04   5.233176e-02   312
  3.540952e-01   4.606577e-01   1.171159e-04   1.976854e-02   696
  3.548410e-01   4.500430e-01   1.059686e-04   2.256911e-02   552
  3.556166e-01   4.010651e-01   8.198436e-05   2.665431e-02   516
  3.560964e-01   5.675147e-01   1.637576e-04   4.222829e-02   528
  3.566805e-01   3.237464e-01   1.064960e-04   1.574913e-02   528
  3.575102e-01   4.461924e-01   1.404467e-04   1.936051e-02   864
  3.580734e-01   5.226575e-01   1.923830e-04   4.680304e-02   408
  3.586372e-01   5.840879e-01   1.906039e-04   4.114112e-02   192
  3.594362e-01   4.274470e-01   1.577339e-04   2.294480e-02   720
  3.601108e-01   4.310553e-01   1.454384e-04   1.980223e-02   696
  3.609123e-01   4.281425e-01   1.570748e-04   2.106332e-02   720
  3.616456e-01   4.340812e-01   2.128961e-04   2.690203e-02   432
  3.620733e-01   3.509145e-01   1.253189e-04   2.420166e-02   264
  3.628427e-01   4.148887e-01   1.730599e-04   2.118156e-02   672
  3.635310e-01   3.868361e-01   1.771868e-04   1.931192e-02   600
  3.643477e-01   3.728401e-01   1.037427e-04   3.291580e-02   270
  3.647594e-01   4.548437e-01   1.561617e-04   3.090898e-02   528
  3.654138e-01   5.664752e-01   1.069340e-04   2.864384e-02   840
  3.663112e-01   5.066312e-01   2.044769e-04   2.564536e-02   888
  3.671403e-01   4.515291e-01   1.523504e-04   2.538964e-02   744
  3.678411e-01   4.522402e-01   7.828584e-05   2.565476e-02   456
  3.681896e-01   5.798404e-01   1.069824e-04   4.307888e-02   360
  3.687860e-01   4.464929e-01   9.269427e-05   3.407974e-02   384
  3.697011e-01   4.953861e-01   1.486807e-04   2.299017e-02   816
  3.703877e-01   4.474273e-01   2.157150e-04   2.138217e-02   824
  3.712223e-01   5.600088e-01   1.002746e-04   5.579434e-02   360
  3.716692e-01   4.851942e-01   1.479676e-04   2.803964e-02   624
  3.722842e-01   5.033073e-01   9.998850e-05   2.792293e-02   360
  3.731036e-01   4.073278e-01   1.360137e-04   1.890032e-02   876
  3.738436e-01   4.449491e-01   1.615436e-04   2.205249e-02   696
  3.745899e-01   3.551734e-01   1.043143e-04   2.322835e-02   336
  3.749811e-01   4.430899e-01   1.041971e-04   2.782249e-02   504
  3.756273e-01   4.429150e-01   1.051000e-04   2.326543e-02   672
  3.765859e-01   4.182141e-01   2.092296e-04   1.613968e-02   720
  3.772508e-01   4.880574e-01   1.580506e-04   2.568493e-02   774
  3.779846e-01   6.660935e-01   9.046409e-05   5.699494e-02   384
  3.783690e-01   4.951618e-01   1.740917e-04   2.744370e-02   528
  3.789655e-01   5.226078e-01   1.659191e-04   2.866909e-02   744
  3.799249e-01   4.361068e-01   1.368481e-04   1.895078e-02   768
  3.805620e-01   5.183681e-01   1.536223e-04   3.709173e-02   552
  3.813568e-01   4.324167e-01   1.674309e-04   2.102574e-02   696
  3.819481e-01   6.972812e-01   2.034577e-04   5.648501e-02   408
  3.824174e-01   5.109786e-01   8.789532e-05   3.296831e-02   504
  3.831615e-01   4.691388e-01   1.579007e-04   2.075555e-02   888
  3.838937e-01   4.225534e-01   1.641044e-04   2.102016e-02   648
  3.846547e-01   5.116558e-01   1.626978e-04   2.842905e-02   648
  3.853707e-01   5.135798e-01   1.754281e-04   2.745578e-02   792
  3.861291e-01   4.360881e-01   2.566633e-04   2.251663e-02   600
  3.866880e-01   4.418993e-01   1.739428e-04   3.277382e-02   456
  3.872762e-01   4.427170e-01   8.477229e-05   2.559898e-02   648
  3.880317e-01   4.291810e-01   1.653183e-04   1.744954e-02   936
  3.888474e-01   5.284121e-01   1.015268e-04   3.637482e-02   384
  3.895575e-01   4.581240e-01   0.000000e+00   4.730423e-02   198
  3.901055e-01   4.958432e-01   2.575821e-04   2.273083e-02   1224
  3.906966e-01   6.829803e-01   1.875990e-04   5.292481e-02   420
  3.913957e-01   5.538667e-01   1.815566e-04   3.267151e-02   792
  3.920793e-01   5.271922e-01   1.501318e-04   2.901484e-02   680
  3.928594e-01   5.474027e-01   1.378581e-04   3.266006e-02   600
  3.934870e-01   4.793623e-01   1.999321e-04   2.188515e-02   840
  3.943251e-01   4.321554e-01   9.439865e-05   2.747904e-02   432
  3.946454e-01   5.726017e-01   8.846397e-05   3.202964e-02   720
  3.953417e-01   4.239757e-01   1.771778e-04   1.639383e-02   960
  3.962077e-01   4.777858e-01   1.579411e-04   3.684682e-02   528
  3.968405e-01   4.972782e-01   1.614459e-04   2.649402e-02   624
  3.975938e-01   5.491436e-01   1.268954e-04   2.956999e-02   816
  3.983415e-01   4.296014e-01   2.086821e-04   2.266350e-02   696
  3.991678e-01   3.526352e-01   5.754450e-09   3.134676e-02   240
  3.994784e-01   4.731129e-01   1.230648e-04   2.627000e-02   672
  4.001719e-01   4.442662e-01   2.199344e-04   2.414271e-02   864
  4.009498e-01   4.169154e-01   1.687640e-04   2.225866e-02   816
  4.016509e-01   3.932339e-01   9.659469e-05   2.153466e-02   648
  4.024060e-01   5.272810e-01   9.873737e-05   2.888833e-02   843
  4.030471e-01   4.572532e-01   1.776528e-04   2.885138e-02   780
  4.038111e-01   4.637024e-01   9.532520e-05   4.821754e-02   216
  4.042823e-01   4.974429e-01   2.298663e-04   2.465929e-02   1056
  4.050071e-01   4.203686e-01   1.880564e-04   4.134862e-02   228
  4.056781e-01   5.609068e-01   2.341349e-04   3.230506e-02   924
  4.063670e-01   4.754066e-01   8.685094e-05   2.144965e-02   696
  4.070964e-01   4.555000e-01   1.545698e-04   2.560896e-02   996
  4.078428e-01   3.660149e-01   9.125493e-05   2.011971e-02   576
  4.086192e-01   4.891460e-01   1.408459e-04   3.355342e-02   552
  4.091852e-01   5.499265e-01   1.681651e-04   3.170708e-02   516
  4.097596e-01   4.583565e-01   2.445470e-04   2.038660e-02   744
  4.104159e-01   4.039234e-01   1.199649e-04   1.878418e-02   576
  4.109868e-01   4.493605e-01   1.234742e-04   2.437227e-02   792
  4.117982e-01   4.559890e-01   1.411539e-04   2.178955e-02   792
  4.123927e-01   4.781052e-01   1.522330e-04   2.602713e-02   720
  4.131968e-01   4.508138e-01   1.735107e-04   2.254518e-02   656
  4.139503e-01   3.800468e-01   1.894646e-04   1.498628e-02   816
  4.147227e-01   3.765578e-01   1.021561e-04   2.515904e-02   492
  4.151618e-01   4.174915e-01   1.469588e-04   2.308869e-02   552
  4.159858e-01   3.879001e-01   2.555435e-04   2.022503e-02   780
  4.165209e-01   4.270755e-01   1.569773e-04   2.537578e-02   528
  4.170975e-01   3.482280e-01   1.832403e-04   1.725738e-02   600
  4.179472e-01   4.538779e-01   1.522872e-04   1.946556e-02   900
  4.185329e-01   3.757138e-01   8.430879e-05   1.913261e-02   696
  4.193388e-01   3.831697e-01   2.131780e-04   2.150077e-02   696
  4.201183e-01   3.458218e-01   8.648430e-05   2.024938e-02   552
  4.207739e-01   3.496421e-01   1.005733e-04   1.636575e-02   708
  4.214606e-01   3.802505e-01   1.660522e-04   1.695419e-02   876
  4.221752e-01   5.270208e-01   8.817041e-05   5.126452e-02   216
  4.226547e-01   4.001343e-01   2.411580e-04   1.536077e-02   1032
  4.233729e-01   3.463737e-01   2.685028e-04   1.929793e-02   600
  4.241182e-01   3.389765e-01   1.281196e-04   2.002796e-02   600
  4.246868e-01   3.857680e-01   2.262472e-04   1.924809e-02   528
  4.253589e-01   3.563427e-01   1.241998e-04   1.697997e-02   732
  4.260669e-01   3.984908e-01   9.171027e-05   2.317580e-02   336
  4.268820e-01   3.774194e-01   1.307053e-04   1.428255e-02   912
  4.274911e-01   3.012282e-01   1.311885e-04   1.284713e-02   624
  4.281565e-01   3.572390e-01   1.105498e-04   1.828130e-02   768
  4.289333e-01   3.815908e-01   1.994537e-04   1.647178e-02   792
  4.296957e-01   3.725614e-01   9.888090e-05   1.773609e-02   660
  4.302382e-01   3.923231e-01   1.457169e-04   2.449495e-02   504
  4.307992e-01   3.303523e-01   2.380735e-04   1.757405e-02   480
  4.316401e-01   3.154479e-01   2.201870e-04   1.084656e-02   912
  4.322985e-01   3.499008e-01   2.452123e-04   3.015886e-02   432
  4.329203e-01   3.596672e-01   1.456013e-04   1.748164e-02   564
  4.334724e-01   3.545062e-01   1.393605e-04   1.724298e-02   600
  4.342496e-01   3.636611e-01   1.942553e-04   1.291003e-02   876
  4.348334e-01   3.515370e-01   8.734307e-05   2.601471e-02   264
  4.356382e-01   3.289856e-01   1.694799e-04   1.592270e-02   560
  4.362850e-01   3.098181e-01   1.151652e-04   1.186014e-02   840
  4.370702e-01   3.191889e-01   1.775516e-04   1.248087e-02   1008
  4.377963e-01   3.052018e-01   7.942467e-05   1.485890e-02   456
  4.384595e-01   3.407876e-01   1.028834e-04   1.471649e-02   576
  4.390725e-01   3.082073e-01   1.580913e-04   1.343856e-02   612
  4.398809e-01   3.494049e-01   1.412012e-04   1.457567e-02   780
  4.405404e-01   3.465703e-01   1.618102e-04   1.529369e-02   648
  4.412155e-01   3.018515e-01   7.540562e-05   1.844963e-02   312
  4.416470e-01   2.779144e-01   1.915933e-04   1.247771e-02   528
  4.423945e-01   3.040433e-01   2.502113e-04   1.196811e-02   720
  4.431093e-01   3.166208e-01   2.509948e-04   1.763890e-02   576
  4.439759e-01   2.907294e-01   2.165154e-04   1.435367e-02   444
  4.445151e-01   3.283195e-01   2.123318e-04   1.213536e-02   996
  4.451759e-01   2.830947e-01   1.773610e-04   1.609780e-02   432
  4.458005e-01   3.478430e-01   1.941754e-04   1.804969e-02   504
  4.463400e-01   2.722673e-01   8.754449e-05   1.259388e-02   504
  4.471082e-01   3.536433e-01   1.722886e-04   1.265295e-02   876
  4.478033e-01   2.887879e-01   1.982878e-04   1.377236e-02   504
  4.485271e-01   2.810762e-01   1.264576e-04   1.251542e-02   696
  4.491253e-01   3.012528e-01   1.081079e-04   1.614658e-02   492
  4.499392e-01   2.873788e-01   1.547618e-04   1.671108e-02   432
  4.505420e-01   3.040608e-01   1.449174e-04   1.189776e-02   768
  4.512567e-01   3.016918e-01   1.805141e-04   1.343116e-02   648
  4.519390e-01   2.784368e-01   1.177661e-04   2.000957e-02   456
  4.527231e-01   3.121853e-01   1.619475e-04   1.484472e-02   552
  4.532676e-01   3.064466e-01   1.109989e-04   1.321531e-02   648
  4.540170e-01   2.948109e-01   1.809220e-04   1.084235e-02   840
  4.547491e-01   3.121798e-01   8.627791e-05   1.732131e-02   432
  4.554820e-01   2.844364e-01   1.056757e-04   1.233652e-02   600
  4.559917e-01   3.347245e-01   1.125905e-04   1.870718e-02   432
  4.568479e-01   3.710966e-01   1.120948e-04   1.666322e-02   560
  4.574277e-01   2.798082e-01   1.774344e-04   9.484488e-03   840
  4.581537e-01   2.572415e-01   1.050970e-04   1.289842e-02   504
  4.587303e-01   2.830054e-01   2.144966e-04   1.327835e-02   696
  4.595432e-01   3.486870e-01   1.171504e-04   2.166821e-02   384
  4.601763e-01   2.951679e-01   1.716116e-04   1.368347e-02   576
  4.609420e-01   2.898483e-01   1.059101e-04   1.745880e-02   360
  4.615593e-01   3.110200e-01   1.577258e-04   1.221739e-02   828
  4.622251e-01   2.669986e-01   1.404841e-04   1.437710e-02   372
  4.628352e-01   3.153196e-01   2.145462e-04   1.293878e-02   576
  4.636434e-01   2.916743e-01   8.985170e-05   1.304629e-02   636
  4.642192e-01   3.037379e-01   1.732109e-04   1.286365e-02   648
  4.649981e-01   2.410899e-01   1.408015e-04   1.165362e-02   576
  4.655573e-01   3.126951e-01   2.271277e-04   1.536852e-02   528
  4.663010e-01   2.773719e-01   9.710647e-05   1.585089e-02   360
  4.669165e-01   2.936688e-01   2.233813e-04   1.111727e-02   672
  4.677203e-01   3.197760e-01   1.144196e-04   1.177696e-02   804
  4.683893e-01   2.978342e-01   1.262185e-04   1.448207e-02   408
  4.691293e-01   3.018035e-01   7.801673e-05   1.613434e-02   384
  4.696276e-01   2.606870e-01   1.785323e-04   1.308270e-02   480
  4.703304e-01   3.183506e-01   1.153580e-04   1.706153e-02   432
  4.710045e-01   2.950749e-01   2.125802e-04   1.148615e-02   648
  4.718024e-01   3.192757e-01   1.319050e-04   1.256237e-02   624
  4.723861e-01   2.705740e-01   1.199787e-04   1.174871e-02   456
  4.731831e-01   2.297108e-01   1.639016e-04   9.954397e-03   588
  4.737172e-01   2.834204e-01   1.045685e-04   1.200307e-02   600
  4.744970e-01   3.061470e-01   1.631013e-04   1.344335e-02   708
  4.751130e-01   3.122293e-01   1.027507e-04   1.745694e-02   360
  4.757936e-01   2.934306e-01   1.181146e-04   1.338649e-02   552
  4.764461e-01   2.513502e-01   8.286020e-05   1.602927e-02   288
  4.771085e-01   2.902836e-01   1.557998e-04   1.293382e-02   528
  4.777309e-01   2.880619e-01   1.051098e-04   1.625368e-02   456
  4.784262e-01   2.862052e-01   1.863824e-04   1.199698e-02   608
  4.791256e-01   2.811659e-01   9.017389e-05   1.420756e-02   504
  4.798898e-01   2.143036e-01   1.935982e-04   1.212880e-02   540
  4.804891e-01   3.313368e-01   2.078222e-04   1.695596e-02   360
  4.811350e-01   2.862821e-01   9.411255e-05   1.493188e-02   540
  4.817063e-01   2.859105e-01   8.080679e-05   1.562503e-02   576
  4.825371e-01   2.982576e-01   1.873635e-04   1.237199e-02   588
  4.833270e-01   2.990003e-01   2.585051e-04   1.384018e-02   672
  4.840056e-01   2.859694e-01   1.975777e-04   1.203135e-02   552
  4.845526e-01   3.090412e-01   1.976776e-04   2.814834e-02   144
  4.852507e-01   2.871992e-01   1.679474e-04   1.249204e-02   600
  4.859125e-01   2.684211e-01   2.104747e-04   1.330019e-02   504
  4.866470e-01   2.620821e-01   2.162000e-04   1.557905e-02   336
  4.874196e-01   2.948919e-01   2.430098e-04   1.302142e-02   600
  4.881116e-01   2.809777e-01   1.568306e-04   1.201057e-02   636
  4.888585e-01   2.674405e-01   1.260932e-04   1.473942e-02   384
  4.893821e-01   3.038513e-01   1.758851e-04   1.521935e-02   504
  4.901368e-01   2.082341e-01   7.381652e-05   1.394817e-02   240
  4.907324e-01   2.815739e-01   1.734055e-04   1.049628e-02   744
  4.914470e-01   2.690376e-01   1.184096e-04   1.121767e-02   648
  4.920821e-01   4.308610e-01   7.860381e-05   4.397142e-02   120
  4.928265e-01   2.990974e-01   1.234764e-04   1.454249e-02   564
  4.933890e-01   2.978519e-01   1.939271e-04   1.526942e-02   432
  4.941396e-01   2.746131e-01   1.505258e-04   1.337698e-02   480
  4.947049e-01   2.600684e-01   1.107908e-04   1.264483e-02   456
  4.953721e-01   3.098329e-01   1.833424e-04   1.484800e-02   444
  4.961293e-01   2.486597e-01   2.805235e-04   1.128130e-02   528
  4.967944e-01   2.523447e-01   2.083390e-04   1.692149e-02   264
  4.974399e-01   3.037208e-01   2.135165e-04   1.543078e-02   444
  4.983082e-01   3.388757e-01   2.338759e-04   1.472521e-02   696
  4.990289e-01   2.707633e-01   1.250847e-04   1.299438e-02   384
  4.995560e-01   2.759165e-01   1.580550e-04   1.488255e-02   432
  5.003759e-01   3.079292e-01   1.092086e-04   1.575234e-02   488
  5.009082e-01   3.071826e-01   1.645909e-04   1.491956e-02   480
  5.016800e-01   2.577341e-01   1.835529e-04   1.461908e-02   480
  5.022777e-01   2.929745e-01   7.701318e-05   1.942124e-02   240
  5.029563e-01   3.008594e-01   1.798967e-04   1.430007e-02   600
  5.035964e-01   2.709428e-01   1.567616e-04   2.125899e-02   288
  5.042780e-01   2.845105e-01   1.507931e-04   1.183855e-02   480
  5.049682e-01   2.683848e-01   2.682341e-04   1.381220e-02   504
  5.056479e-01   3.037860e-01   1.150891e-04   2.248719e-02   216
  5.065146e-01   3.033591e-01   1.884192e-04   1.520968e-02   504
  5.071897e-01   2.710890e-01   1.515464e-04   1.538718e-02   456
  5.079286e-01   2.583049e-01   8.691443e-05   1.364271e-02   384
  5.084180e-01   3.044464e-01   1.764049e-04   1.445894e-02   480
  5.091134e-01   2.690266e-01   1.549032e-04   1.217810e-02   504
  5.097578e-01   2.764733e-01   9.826093e-05   2.010967e-02   312
  5.104521e-01   2.858266e-01   1.583441e-04   1.455363e-02   492
  5.110667e-01   3.338316e-01   1.484108e-04   2.209539e-02   312
  5.118579e-01   2.808279e-01   2.410815e-04   1.190835e-02   576
  5.125543e-01   3.110787e-01   2.225378e-04   1.950240e-02   336
  5.131328e-01   2.321468e-01   1.713438e-04   1.745744e-02   240
  5.139346e-01   2.674090e-01   2.271584e-04   1.342749e-02   468
  5.146270e-01   2.610630e-01   1.422340e-04   2.225243e-02   192
  5.153517e-01   2.745890e-01   1.426580e-04   1.550663e-02   324
  5.158828e-01   2.611609e-01   1.035388e-04   1.142037e-02   600
  5.166066e-01   2.845678e-01   1.679811e-04   1.342689e-02   456
  5.171442e-01   2.652659e-01   7.555790e-05   1.496647e-02   336
  5.180350e-01   2.931910e-01   2.262417e-04   1.496411e-02   612
  5.186832e-01   2.565184e-01   1.898719e-04   2.527055e-02   144
  5.192961e-01   3.370876e-01   2.216292e-04   1.629810e-02   552
  5.201296e-01   2.409078e-01   8.728032e-05   1.372919e-02   264
  5.206006e-01   2.919902e-01   2.020762e-04   1.513147e-02   336
  5.213435e-01   2.455547e-01   1.335250e-04   1.434042e-02   384
  5.219878e-01   2.909108e-01   7.516140e-05   2.564078e-02   216
  5.227010e-01   2.381004e-01   1.593577e-04   1.642771e-02   344
  5.233513e-01   2.706101e-01   2.377692e-04   1.451439e-02   408
  5.241438e-01   2.666145e-01   1.827101e-04   1.964713e-02   264
  5.248460e-01   3.013853e-01   2.547069e-04   1.425766e-02   612
  5.255476e-01   3.248871e-01   1.310917e-04   1.831950e-02   408
  5.262692e-01   2.472244e-01   1.312801e-04   1.272187e-02   444
  5.267993e-01   3.829119e-01   7.342396e-05   3.686307e-02   120
  5.275096e-01   3.322722e-01   2.028570e-04   2.085729e-02   336
  5.280368e-01   2.455885e-01   7.049199e-05   1.452148e-02   288
  5.287493e-01   3.005150e-01   2.193723e-04   1.461594e-02   552
  5.297288e-01   2.781772e-01   1.174622e-08   3.216430e-02   72
  5.302324e-01   2.834751e-01   2.178926e-04   1.311522e-02   504
  5.308207e-01   2.032454e-01   7.011571e-05   1.306073e-02   216
  5.315829e-01   2.855234e-01   1.251868e-04   1.845281e-02   312
  5.322672e-01   2.422704e-01   1.425448e-04   1.426983e-02   336
  5.329194e-01   3.192274e-01   1.975831e-04   3.070171e-02   204
  5.335689e-01   3.336281e-01   2.296216e-04   1.788198e-02   504
  5.342577e-01   3.549041e-01   2.186657e-04   2.134090e-02   396
  5.349201e-01   3.112651e-01   2.005279e-04   2.388988e-02   312
  5.357232e-01   3.329335e-01   1.225440e-04   2.501115e-02   216
  5.362890e-01   2.779419e-01   6.650698e-05   2.063827e-02   168
  5.369766e-01   2.992704e-01   1.679338e-04   1.384556e-02   588
  5.377613e-01   2.569958e-01   2.279505e-04   2.046268e-02   240
  5.383710e-01   2.611583e-01   2.013185e-04   2.200630e-02   264
  5.390860e-01   3.012211e-01   2.489717e-04   1.927286e-02   288
  5.397204e-01   2.423978e-01   1.243261e-04   1.446794e-02   288
  5.405244e-01   2.939948e-01   1.167620e-04   1.875274e-02   288
  5.410658e-01   2.489881e-01   1.352591e-04   1.874133e-02   192
  5.417469e-01   2.047117e-01   1.439292e-04   1.398149e-02   264
  5.423957e-01   4.002090e-01   2.367436e-04   2.308529e-02   372
  5.430940e-01   3.266921e-01   2.556933e-04   1.931836e-02   360
  5.439463e-01   3.489174e-01   1.082118e-04   3.591830e-02   144
  5.443868e-01   2.870632e-01   1.503015e-04   2.068406e-02   296
  5.450821e-01   2.627767e-01   1.619421e-04   1.707993e-02   288
  5.458782e-01   3.250949e-01   2.420184e-04   1.542246e-02   480
  5.465649e-01   2.802771e-01   2.010942e-04   2.926392e-02   192
  5.472326e-01   3.544960e-01   2.157009e-04   2.494312e-02   192
  5.478395e-01   2.422795e-01   1.374687e-04   1.568384e-02   288
  5.486835e-01   2.574441e-01   1.196646e-04   2.519456e-02   108
  5.491087e-01   2.987280e-01   1.150429e-04   1.951025e-02   240
  5.498595e-01   2.493505e-01   2.146152e-04   1.532066e-02   384
  5.506307e-01   2.871451e-01   2.618062e-04   3.033792e-02   108
  5.513127e-01   3.937772e-01   1.535018e-04   2.249507e-02   348
  5.520298e-01   2.715276e-01   1.602006e-04   2.036553e-02   312
  5.526703e-01   2.954254e-01   1.556684e-04   3.370950e-02   96
  5.532593e-01   3.271227e-01   2.072444e-04   2.211439e-02   384
  5.539190e-01   2.319143e-01   1.425422e-04   1.774826e-02   144
  5.545642e-01   2.571905e-01   2.190224e-04   1.419465e-02   408
  5.553663e-01   2.673693e-01   9.769946e-05   2.339516e-02   144
  5.561240e-01   3.114326e-01   1.878283e-04   2.752374e-02   192
  5.565734e-01   2.463763e-01   2.114042e-04   2.202521e-02   144
  5.573059e-01   3.189141e-01   1.718794e-04   3.131753e-02   144
  5.579969e-01   2.908928e-01   2.100644e-04   1.702537e-02   336
  5.588433e-01   1.954907e-01   1.554210e-04   1.288635e-02   240
  5.593800e-01   2.789387e-01   7.057532e-05   3.028703e-02   96
  5.601284e-01   3.757847e-01   2.069634e-04   2.117142e-02   372
  5.608856e-01   3.023542e-01   2.461786e-04   3.392138e-02   132
  5.615507e-01   2.362495e-01   1.523323e-04   1.436073e-02   264
  5.621457e-01   3.299496e-01   1.169843e-04   3.389031e-02   168
  5.627807e-01   2.660283e-01   1.870354e-04   1.848084e-02   216
  5.633417e-01   2.858150e-01   1.144306e-04   2.133397e-02   216
  5.641586e-01   2.145174e-01   2.099325e-04   2.042014e-02   96
  5.648999e-01   3.254843e-01   1.369618e-04   3.536575e-02   120
  5.655797e-01   2.282750e-01   1.741170e-04   1.647457e-02   216
  5.661397e-01   2.745389e-01   7.608972e-05   2.592790e-02   200
  5.668812e-01   2.924701e-01   1.969636e-04   2.017204e-02   288
  5.678322e-01   1.794988e-01   5.182495e-05   1.569079e-02   144
  5.682326e-01   2.431279e-01   1.612761e-04   1.994318e-02   168
  5.690504e-01   3.542368e-01   1.815012e-04   4.699053e-02   159
  5.696887e-01   2.591998e-01   1.904384e-04   1.965134e-02   174
  5.703065e-01   3.066689e-01   1.726829e-04   2.852035e-02   144
  5.711154e-01   3.227566e-01   9.971188e-05   2.504476e-02   222
  5.716564e-01   2.409529e-01   1.006181e-04   1.779185e-02   168
  5.725909e-01   3.537202e-01   2.206942e-04   5.690976e-02   30
  5.729769e-01   1.638424e-01   1.948567e-04   1.459053e-02   72
  5.737039e-01   2.832754e-01   1.739073e-04   1.783111e-02   258
  5.745032e-01   2.317632e-01   1.089226e-04   1.413944e-02   264
  5.749029e-01   2.153718e-01   0.000000e+00   1.942377e-02   72
  5.757357e-01   2.044710e-01   2.158892e-04   1.589055e-02   174
  5.764898e-01   2.449634e-01   2.298822e-04   3.066630e-02   168
  5.770961e-01   1.964575e-01   7.193062e-09   2.619887e-02   48
  5.777470e-01   2.381270e-01   1.298199e-04   2.090725e-02   150
  5.785016e-01   2.906402e-01   2.388130e-04   2.280896e-02   168
  5.792583e-01   2.856076e-01   1.454738e-04   2.546702e-02   144
  5.799541e-01   3.302442e-01   1.359056e-04   4.422273e-02   102
  5.804724e-01   1.925735e-01   2.011636e-04   1.601663e-02   96
  5.812948e-01   2.162402e-01   1.996414e-04   1.798155e-02   120
  5.819038e-01   2.123521e-01   2.141206e-04   1.605401e-02   168
  5.825625e-01   3.732880e-01   1.581111e-04   3.501407e-02   126
  5.831237e-01   2.493854e-01   1.192474e-04   1.998362e-02   168
  5.838969e-01   2.433468e-01   1.912134e-04   3.376742e-02   72
  5.845726e-01   2.345408e-01   2.394418e-04   1.953275e-02   168
  5.851646e-01   2.210940e-01   6.564276e-05   2.742793e-02   78
  5.859757e-01   2.351970e-01   1.077805e-04   2.756185e-02   60
  5.866288e-01   3.909454e-01   1.748374e-04   3.978623e-02   96
  5.873062e-01   2.277375e-01   2.121507e-04   1.595908e-02   168
  5.879428e-01   2.211210e-01   1.342407e-04   2.823347e-02   86
  5.886107e-01   1.699882e-01   1.199794e-04   1.330530e-02   120
  5.895681e-01   2.226832e-01   8.556122e-05   1.493463e-02   168
  5.900844e-01   1.646959e-01   0.000000e+00   2.357779e-02   48
  5.907798e-01   2.673855e-01   1.558833e-04   2.191156e-02   120
  5.911793e-01   2.210381e-01   1.137231e-04   2.048419e-02   126
  5.921548e-01   2.545396e-01   2.000073e-04   2.040191e-02   96
  5.927878e-01   2.312054e-01   5.767222e-05   2.195549e-02   96
  5.932871e-01   2.227469e-01   0.000000e+00   2.587102e-02   72
  5.943508e-01   2.854112e-01   7.193062e-09   5.984136e-02   24
  5.950147e-01   2.826021e-01   1.186881e-04   3.886028e-02   120
  5.955326e-01   2.347224e-01   1.731294e-04   2.656498e-02   126
  5.961084e-01   2.038134e-01   1.443268e-04   2.402219e-02   96
  5.967813e-01   2.151390e-01   2.494389e-04   2.510697e-02   72
  5.975306e-01   2.490257e-01   1.078907e-04   2.328037e-02   144
  5.981469e-01   1.877059e-01   6.222882e-05   2.233622e-02   72
  5.987626e-01   2.579291e-01   1.242932e-04   3.086003e-02   54
  5.993045e-01   2.548362e-01   1.095319e-04   2.363535e-02   108
  6.004306e-01   1.944659e-01   1.073696e-04   1.980297e-02   72
  6.007812e-01   2.192218e-01   6.195595e-05   2.837131e-02   72
  6.016129e-01   1.685161e-01   1.245875e-08   2.596431e-02   24
  6.023999e-01   1.778232e-01   1.310705e-04   2.314247e-02   48
  6.028777e-01   2.290605e-01   9.984188e-05   2.517486e-02   102
  6.035970e-01   2.387648e-01   2.258008e-04   1.719436e-02   168
  6.045369e-01   2.529081e-01   1.231465e-04   3.107145e-02   72
  6.048851e-01   1.536495e-01   0.000000e+00   1.955775e-02   48
  6.056156e-01   2.832081e-01   2.118194e-04   2.993836e-02   120
  6.065796e-01   2.427779e-01   1.301673e-04   2.080154e-02   96
  6.074901e-01   2.511702e-01   1.409547e-08   4.690609e-02   30
  6.085723e-01   3.429919e-01   6.115837e-05   3.263882e-02   72
  6.090478e-01   2.538940e-01   7.193062e-09   4.165520e-02   24
  6.096586e-01   2.146127e-01   9.065181e-05   2.719122e-02   56
  6.103428e-01   2.183234e-01   1.293647e-04   1.825212e-02   96
  6.111616e-01   2.300823e-01   1.428503e-04   2.058344e-02   144
  6.117928e-01   1.993446e-01   8.110480e-05   2.411497e-02   54
  6.127099e-01   3.132506e-01   1.215036e-04   3.082746e-02   108
  6.136327e-01   3.015249e-01   6.433558e-05   6.215655e-02   48
  6.145113e-01   2.352003e-01   2.422440e-04   2.239399e-02   72
  6.166195e-01   3.005008e-01   1.600514e-04   4.097792e-02   78
  6.172037e-01   3.190591e-01   1.206188e-04   3.869379e-02   72
  6.178856e-01   2.778732e-01   1.204690e-04   2.820426e-02   72
  6.185986e-01   3.285190e-01   2.907051e-04   3.352716e-02   96
  6.191621e-01   2.070972e-01   1.202207e-04   2.480253e-02   72
  6.198419e-01   2.689574e-01   0.000000e+00   4.126853e-02   24
  6.205208e-01   3.023278e-01   2.398986e-04   3.609441e-02   72
  6.220544e-01   3.497447e-01   1.523430e-04   4.875729e-02   30
  6.223843e-01   2.775530e-01   0.000000e+00   4.350695e-02   24
  6.241578e-01   2.831253e-01   1.265014e-04   3.247650e-02   48
  6.247142e-01   2.755814e-01   2.722309e-04   2.934415e-02   120
  6.254637e-01   2.704616e-01   1.190257e-04   2.444627e-02   72
  6.262206e-01   2.740225e-01   1.188818e-04   4.199553e-02   36
  6.267409e-01   3.028465e-01   2.349657e-04   2.572017e-02   78
  6.281928e-01   3.371004e-01   1.256888e-04   5.916164e-02   48
  6.300754e-01   2.612112e-01   1.017253e-08   4.210596e-02   24
  6.314166e-01   2.877825e-01   8.752715e-05   3.740835e-02   56
  6.320919e-01   3.092793e-01   1.346877e-04   2.700006e-02   102
  6.329510e-01   2.879092e-01   9.590750e-09   3.213209e-02   72
  6.334498e-01   1.698732e-01   0.000000e+00   3.383464e-02   24
  6.343217e-01   2.408472e-01   1.244744e-04   2.674842e-02   48
  6.359378e-01   1.658863e-01   0.000000e+00   2.738690e-02   24
  6.379213e-01   3.088188e-01   0.000000e+00   1.488949e-02   6
  6.385398e-01   1.275152e-01   0.000000e+00   2.423925e-02   24
  6.389518e-01   2.611277e-01   1.165127e-04   2.692417e-02   72
  6.397046e-01   2.607726e-01   2.173655e-04   3.724651e-02   84
  6.405152e-01   2.957389e-01   0.000000e+00   6.774682e-02   24
  6.407617e-01   3.186645e-01   1.017253e-08   4.865774e-02   24
  6.419927e-01   1.802484e-01   7.193062e-09   4.934515e-02   24
  6.437123e-01   2.295666e-01   0.000000e+00   4.465822e-02   6
  6.459163e-01   3.788198e-01   1.222400e-04   5.355563e-02   48
  6.464458e-01   3.628059e-01   2.302802e-04   4.602041e-02   72
  6.471376e-01   2.697524e-01   1.220094e-04   3.308262e-02   48
  6.482347e-01   3.388400e-01   0.000000e+00   1.000701e-01   24
  6.496947e-01   5.214508e-02   7.193062e-09   2.466347e-02   6
  6.529678e-01   1.936625e-01   0.000000e+00   4.498389e-02   8
  6.532096e-01   4.244198e-01   7.193062e-09   5.026838e-02   48
  6.537895e-01   3.259299e-01   1.183236e-04   3.959999e-02   60
  6.546585e-01   3.115970e-01   0.000000e+00   6.950978e-02   24
  6.558634e-01   1.308046e-01   0.000000e+00   3.620219e-02   6
  6.603027e-01   4.140715e-01   0.000000e+00   5.508553e-02   24
  6.606613e-01   3.584427e-01   1.195118e-04   4.197257e-02   48
  6.612586e-01   2.747536e-01   0.000000e+00   4.712696e-02   24
  6.622132e-01   2.922727e-01   7.193062e-09   7.873800e-02   6
  6.676359e-01   5.596076e-01   1.114931e-04   6.593658e-02   36
  6.680300e-01   4.826942e-01   0.000000e+00   1.290935e-01   24
  6.687387e-01   2.986203e-01   0.000000e+00   4.450390e-02   6
  6.749089e-01   4.036328e-01   1.013241e-04   6.522668e-02   32
  6.754351e-01   2.879108e-01   7.193062e-09   4.438986e-02   6
  6.820657e-01   4.500659e-01   0.000000e+00   9.664134e-02   12
  6.822972e-01   3.688887e-01   0.000000e+00   1.457020e-01   6
  6.893201e-01   5.518898e-02   1.017253e-08   1.190600e-02   6
