# power spectrum of phi_prime/H0 (dimensionless)
# redshift z=0.000000
# k              Pk             sigma(k)       sigma(Pk)      count
  1.256637e-02   1.776796e-11   0.000000e+00   6.907067e-12   6
  1.777153e-02   3.053660e-11   0.000000e+00   7.278946e-12   12
  2.176559e-02   1.741412e-11   2.384186e-10   5.326761e-12   8
  2.513274e-02   1.631410e-11   0.000000e+00   5.259218e-12   6
  2.809926e-02   1.185338e-11   0.000000e+00   1.694107e-12   24
  3.078120e-02   1.132102e-11   4.495664e-10   2.393716e-12   24
  3.554306e-02   2.715304e-12   0.000000e+00   7.825910e-13   12
  3.769911e-02   7.980370e-12   5.086263e-10   1.169296e-12   30
  3.973835e-02   4.953358e-12   0.000000e+00   9.255668e-13   24
  4.167794e-02   5.326697e-12   7.786718e-10   1.228839e-12   24
  4.353118e-02   1.002279e-11   4.768372e-10   4.116065e-12   8
  4.530869e-02   3.526470e-12   6.357829e-10   7.347340e-13   24
  4.701905e-02   4.189087e-12   0.000000e+00   5.477070e-13   48
  5.026548e-02   2.926167e-12   0.000000e+00   4.784544e-13   6
  5.181247e-02   4.785392e-12   8.991328e-10   6.028461e-13   48
  5.331460e-02   4.866785e-12   0.000000e+00   7.940862e-13   36
  5.477554e-02   2.488078e-12   6.357829e-10   5.742267e-13   24
  5.619852e-02   3.641254e-12   0.000000e+00   5.536727e-13   24
  5.758634e-02   2.980876e-12   0.000000e+00   3.809096e-13   48
  5.894150e-02   5.745202e-12   8.991328e-10   1.096756e-12   24
  6.156239e-02   3.473737e-12   8.991328e-10   7.375433e-13   24
  6.283185e-02   3.724771e-12   0.000000e+00   6.244157e-13   30
  6.407617e-02   3.698562e-12   0.000000e+00   3.742813e-13   72
  6.529678e-02   3.732594e-12   9.536743e-10   5.584842e-13   32
  6.767198e-02   2.577977e-12   0.000000e+00   4.513651e-13   72
  6.882885e-02   2.920429e-12   0.000000e+00   3.723587e-13   48
  7.108613e-02   1.093823e-12   0.000000e+00   2.470987e-13   12
  7.218830e-02   3.099156e-12   0.000000e+00   4.221134e-13   48
  7.327390e-02   2.951652e-12   0.000000e+00   4.434424e-13   48
  7.434365e-02   1.828877e-12   8.991328e-10   2.829997e-13   48
  7.539822e-02   2.220019e-12   1.017253e-09   3.289650e-13   30
  7.643825e-02   2.355883e-12   8.991328e-10   4.104866e-13   24
  7.746431e-02   2.230242e-12   1.895538e-09   2.627302e-13   72
  7.947671e-02   1.686026e-12   0.000000e+00   5.726460e-13   24
  8.046403e-02   2.597683e-12   0.000000e+00   2.538394e-13   96
  8.143939e-02   1.388473e-12   0.000000e+00   2.636333e-13   48
  8.240320e-02   2.132296e-12   1.557344e-09   3.679513e-13   24
  8.335587e-02   3.369361e-12   1.557344e-09   8.036429e-13   24
  8.429778e-02   2.109027e-12   0.000000e+00   2.994033e-13   72
  8.522927e-02   2.321549e-12   0.000000e+00   3.686654e-13   48
  8.706237e-02   3.098007e-12   9.536743e-10   9.187810e-13   8
  8.796459e-02   1.618763e-12   1.130281e-09   1.812522e-13   54
  8.885766e-02   1.635708e-12   0.000000e+00   1.986158e-13   84
  8.974184e-02   1.423580e-12   0.000000e+00   1.805011e-13   48
  9.061739e-02   1.548357e-12   1.271566e-09   4.328428e-13   24
  9.148456e-02   1.760804e-12   1.198844e-09   2.120205e-13   72
  9.234359e-02   1.703503e-12   0.000000e+00   1.532598e-13   96
  9.403811e-02   1.822050e-12   0.000000e+00   2.163013e-13   48
  9.487402e-02   1.573200e-12   0.000000e+00   1.828925e-13   48
  9.570263e-02   1.915836e-12   1.271566e-09   4.574481e-13   24
  9.652412e-02   1.364303e-12   0.000000e+00   1.749726e-13   72
  9.814649e-02   1.425884e-12   1.198844e-09   1.805154e-13   72
  9.894770e-02   9.335755e-13   0.000000e+00   8.661100e-14   96
  1.005310e-01   3.433306e-13   0.000000e+00   1.360642e-13   6
  1.013133e-01   9.268298e-13   0.000000e+00   1.098710e-13   96
  1.020897e-01   1.278748e-12   1.271566e-09   9.923072e-14   96
  1.028602e-01   8.626816e-13   0.000000e+00   7.507849e-14   24
  1.036249e-01   1.309349e-12   1.798266e-09   1.624152e-13   48
  1.043841e-01   1.018478e-12   0.000000e+00   1.017940e-13   96
  1.051378e-01   1.108143e-12   0.000000e+00   1.359005e-13   48
  1.066292e-01   1.046999e-12   0.000000e+00   1.551871e-13   36
  1.073671e-01   1.000501e-12   2.202416e-09   1.598541e-13   48
  1.081000e-01   1.052720e-12   2.491750e-09   8.240552e-14   120
  1.088280e-01   9.574378e-13   0.000000e+00   1.190153e-13   56
  1.095511e-01   6.338938e-13   1.271566e-09   1.871093e-13   24
  1.102695e-01   1.058284e-12   0.000000e+00   1.012252e-13   96
  1.109832e-01   9.488959e-13   0.000000e+00   1.659292e-13   48
  1.123970e-01   8.821505e-13   0.000000e+00   1.710967e-13   24
  1.130973e-01   1.105445e-12   0.000000e+00   9.679400e-14   102
  1.137933e-01   1.338749e-12   0.000000e+00   1.944080e-13   48
  1.144851e-01   1.571524e-12   0.000000e+00   1.634337e-13   72
  1.151727e-01   1.132608e-12   0.000000e+00   1.725985e-13   48
  1.158562e-01   1.003228e-12   0.000000e+00   1.476083e-13   48
  1.165357e-01   1.057369e-12   2.877225e-09   1.068600e-13   120
  1.178830e-01   7.835181e-13   1.798266e-09   1.445912e-13   24
  1.185509e-01   9.768772e-13   1.695421e-09   7.359630e-14   144
  1.192151e-01   1.158684e-12   2.034505e-09   1.279316e-13   120
  1.198755e-01   9.728341e-13   1.798266e-09   1.244668e-13   48
  1.211857e-01   1.147033e-12   1.798266e-09   1.799178e-13   48
  1.218355e-01   1.005487e-12   1.798266e-09   1.028498e-13   96
  1.235512e-01   8.849283e-13   3.015167e-04   1.104998e-13   72
  1.244007e-01   1.006771e-12   2.260561e-09   1.167900e-13   108
  1.250338e-01   8.569991e-13   0.000000e+00   8.377957e-14   72
  1.256637e-01   8.672297e-13   0.000000e+00   1.433420e-13   30
  1.262905e-01   8.697772e-13   0.000000e+00   7.001262e-14   168
  1.269141e-01   1.029227e-12   0.000000e+00   1.370781e-13   48
  1.281523e-01   8.059781e-13   0.000000e+00   9.156569e-14   72
  1.287670e-01   9.538190e-13   0.000000e+00   1.245274e-13   96
  1.293787e-01   9.218939e-13   3.390842e-09   1.066231e-13   72
  1.299875e-01   7.812636e-13   0.000000e+00   6.807140e-14   72
  1.310112e-01   7.750101e-13   2.784031e-04   7.376521e-14   104
  1.317972e-01   9.871009e-13   2.397687e-09   8.908381e-14   144
  1.335824e-01   9.514043e-13   4.021044e-09   1.057192e-13   96
  1.341721e-01   6.176827e-13   0.000000e+00   4.779771e-14   96
  1.351101e-01   7.266934e-13   2.864148e-04   7.050741e-14   120
  1.359261e-01   6.861185e-13   0.000000e+00   6.248057e-14   120
  1.365057e-01   8.252081e-13   0.000000e+00   1.052721e-13   72
  1.376577e-01   1.111511e-12   0.000000e+00   1.386977e-13   48
  1.382301e-01   8.040055e-13   2.710666e-09   9.731625e-14   78
  1.389623e-01   6.853362e-13   2.564571e-04   5.784953e-14   168
  1.404963e-01   8.143880e-13   2.397687e-09   7.031325e-14   144
  1.410572e-01   8.211163e-13   2.397687e-09   7.412541e-14   144
  1.426839e-01   8.428712e-13   1.476986e-04   6.834544e-14   156
  1.432787e-01   8.744025e-13   3.114687e-09   1.598306e-13   48
  1.438287e-01   7.511015e-13   2.034505e-09   8.350962e-14   120
  1.443766e-01   7.190575e-13   0.000000e+00   1.193748e-13   48
  1.453454e-01   6.009978e-13   2.260797e-04   3.716270e-14   216
  1.465478e-01   5.202756e-13   0.000000e+00   6.340383e-14   48
  1.470856e-01   6.654917e-13   1.798266e-09   8.223455e-14   96
  1.478502e-01   6.225095e-13   2.642094e-04   6.403613e-14   168
  1.486873e-01   6.219497e-13   1.798266e-09   1.102019e-13   48
  1.492174e-01   6.449944e-13   0.000000e+00   7.162671e-14   96
  1.497456e-01   4.046083e-13   0.000000e+00   8.396475e-14   48
  1.507964e-01   5.130079e-13   2.034505e-09   5.105715e-14   30
  1.513191e-01   7.692325e-13   1.798266e-09   1.258712e-13   96
  1.519439e-01   5.693959e-13   2.076451e-04   3.739696e-14   240
  1.527472e-01   9.513713e-13   2.240191e-04   1.791477e-13   32
  1.533921e-01   6.023766e-13   0.000000e+00   4.601091e-14   168
  1.539060e-01   6.802371e-13   0.000000e+00   5.306620e-14   120
  1.549286e-01   8.816846e-13   3.791077e-09   1.301858e-13   72
  1.554374e-01   6.953877e-13   2.397687e-09   6.321301e-14   144
  1.559446e-01   6.026349e-13   0.000000e+00   9.476021e-14   96
  1.564501e-01   4.166142e-13   0.000000e+00   3.799004e-14   96
  1.574562e-01   7.492717e-13   2.936555e-09   8.084844e-14   72
  1.579568e-01   5.707867e-13   2.543132e-09   6.569770e-14   96
  1.589534e-01   6.584420e-13   0.000000e+00   1.476798e-13   24
  1.594494e-01   4.328460e-13   0.000000e+00   3.501135e-14   192
  1.600334e-01   5.077968e-13   1.901066e-04   4.341668e-14   132
  1.609281e-01   5.154536e-13   0.000000e+00   6.047428e-14   96
  1.614180e-01   3.637566e-13   0.000000e+00   4.691968e-14   96
  1.619064e-01   4.936187e-13   2.034505e-09   5.365631e-14   120
  1.628788e-01   3.011350e-13   0.000000e+00   3.317867e-14   48
  1.636759e-01   6.167136e-13   2.303939e-04   5.324376e-14   222
  1.643266e-01   5.271541e-13   0.000000e+00   7.464495e-14   120
  1.648064e-01   4.609218e-13   3.114687e-09   7.349533e-14   24
  1.655050e-01   5.855450e-13   2.378000e-04   3.870915e-14   312
  1.670270e-01   6.538892e-13   2.229470e-04   8.237930e-14   72
  1.676563e-01   6.439410e-13   1.798266e-09   7.670162e-14   96
  1.683024e-01   4.827207e-13   2.270407e-04   3.071755e-14   192
  1.690632e-01   3.912761e-13   2.877225e-09   3.017211e-14   120
  1.695296e-01   4.823387e-13   0.000000e+00   4.075847e-14   144
  1.704585e-01   4.509766e-13   0.000000e+00   6.868393e-14   48
  1.711188e-01   4.674981e-13   2.282974e-04   2.550712e-14   336
  1.718425e-01   5.216196e-13   0.000000e+00   7.123909e-14   48
  1.727590e-01   4.923797e-13   0.000000e+00   3.487265e-14   192
  1.732155e-01   3.607695e-13   0.000000e+00   3.900031e-14   48
  1.745129e-01   3.758750e-13   1.584683e-04   5.236316e-14   56
  1.751580e-01   5.185509e-13   2.035272e-04   2.668502e-14   336
  1.759292e-01   6.415648e-13   2.260561e-09   7.130070e-14   54
  1.766010e-01   4.953875e-13   2.235459e-04   3.545266e-14   240
  1.779956e-01   5.609280e-13   2.140470e-04   4.362510e-14   228
  1.786017e-01   4.185603e-13   2.397687e-09   4.826204e-14   72
  1.791900e-01   5.376904e-13   2.076308e-04   5.176818e-14   144
  1.799230e-01   4.859101e-13   0.000000e+00   5.658760e-14   96
  1.803613e-01   5.009138e-13   2.877225e-09   3.950534e-14   240
  1.812348e-01   3.261897e-13   2.543132e-09   8.723253e-14   24
  1.817939e-01   4.608983e-13   1.961057e-04   2.964078e-14   336
  1.825371e-01   3.765368e-13   0.000000e+00   4.870678e-14   72
  1.832154e-01   4.582597e-13   2.133012e-04   4.001340e-14   168
  1.838302e-01   6.476316e-13   0.000000e+00   7.612355e-14   72
  1.846872e-01   5.559877e-13   0.000000e+00   6.702809e-14   96
  1.853509e-01   3.123274e-13   2.117011e-04   2.300967e-14   216
  1.859653e-01   5.710219e-13   2.543132e-09   5.681609e-14   96
  1.868125e-01   6.183593e-13   0.000000e+00   4.720627e-14   192
  1.872347e-01   5.245370e-13   2.397687e-09   4.674987e-14   144
  1.880762e-01   4.566890e-13   0.000000e+00   7.548314e-14   48
  1.886588e-01   4.967797e-13   2.041047e-04   3.307832e-14   246
  1.894505e-01   5.170426e-13   1.881878e-04   5.470319e-14   168
  1.901637e-01   4.780349e-13   3.523866e-09   4.331163e-14   120
  1.905784e-01   3.598293e-13   0.000000e+00   2.459039e-14   240
  1.914053e-01   3.714601e-13   2.543132e-09   6.577961e-14   24
  1.920640e-01   4.652489e-13   2.014384e-04   2.522480e-14   360
  1.928845e-01   6.140618e-13   2.005812e-04   4.934084e-14   120
  1.934568e-01   4.223680e-13   0.000000e+00   3.053654e-14   144
  1.938645e-01   4.547489e-13   0.000000e+00   4.740140e-14   96
  1.950825e-01   4.686528e-13   0.000000e+00   4.248645e-14   144
  1.954868e-01   3.900583e-13   0.000000e+00   3.200442e-14   132
  1.960551e-01   4.404203e-13   1.979707e-04   3.737083e-14   176
  1.968799e-01   4.708881e-13   1.999105e-04   3.185385e-14   312
  1.978954e-01   4.062783e-13   0.000000e+00   4.021267e-14   96
  1.982940e-01   3.089779e-13   0.000000e+00   2.397034e-14   144
  1.989055e-01   4.182333e-13   1.979053e-04   2.844361e-14   312
  1.998804e-01   2.706908e-13   0.000000e+00   3.748330e-14   48
  2.002750e-01   4.772665e-13   2.543132e-09   3.167444e-14   192
  2.010619e-01   9.847082e-13   0.000000e+00   3.974276e-13   6
  2.015848e-01   3.878556e-13   1.845802e-04   3.186926e-14   288
  2.024316e-01   4.878551e-13   1.950210e-04   3.618021e-14   192
  2.030159e-01   4.800307e-13   4.521123e-09   3.388918e-14   216
  2.034045e-01   3.227740e-13   0.000000e+00   3.036478e-14   72
  2.043725e-01   4.449809e-13   1.931689e-04   5.065057e-14   192
  2.050154e-01   3.796300e-13   1.434383e-04   2.580119e-14   288
  2.057204e-01   2.456411e-13   0.000000e+00   4.870684e-14   24
  2.062650e-01   3.986061e-13   1.889681e-04   2.155264e-14   456
  2.072499e-01   4.789378e-13   0.000000e+00   1.027382e-13   48
  2.078585e-01   4.332553e-13   1.861260e-04   3.860734e-14   240
  2.085579e-01   4.105244e-13   1.881013e-04   2.915018e-14   216
  2.091461e-01   3.841141e-13   0.000000e+00   3.886998e-14   72
  2.095233e-01   4.545726e-13   6.498988e-09   3.426374e-14   168
  2.105882e-01   3.178781e-13   1.398129e-04   2.043033e-14   288
  2.111855e-01   4.086623e-13   1.849965e-04   5.045366e-14   168
  2.121448e-01   3.733591e-13   0.000000e+00   3.321742e-14   192
  2.125166e-01   3.245145e-13   2.397687e-09   2.631534e-14   144
  2.132584e-01   4.694165e-13   0.000000e+00   9.985946e-14   36
  2.138874e-01   4.718267e-13   1.689411e-04   3.577375e-14   342
  2.144889e-01   5.434407e-13   1.734820e-04   4.838330e-14   144
  2.152621e-01   4.667232e-13   1.819392e-04   3.138224e-14   384
  2.162000e-01   4.055796e-13   4.983500e-09   3.818954e-14   120
  2.166643e-01   4.799082e-13   1.622368e-04   3.477774e-14   264
  2.172929e-01   4.758923e-13   8.042088e-09   5.753734e-14   192
  2.178848e-01   3.367748e-13   1.748412e-04   2.606818e-14   152
  2.183802e-01   4.373294e-13   2.397687e-09   4.861883e-14   144
  2.194222e-01   2.886316e-13   1.131589e-04   2.002035e-14   216
  2.199045e-01   4.215462e-13   1.512105e-04   2.540791e-14   312
  2.207535e-01   4.413785e-13   1.752500e-04   3.155850e-14   240
  2.212538e-01   3.204485e-13   2.543132e-09   3.109449e-14   96
  2.222033e-01   2.543157e-13   1.675517e-04   2.818782e-14   144
  2.227885e-01   3.764773e-13   1.646885e-04   1.974981e-14   456
  2.237379e-01   2.790468e-13   0.000000e+00   2.730840e-14   120
  2.240905e-01   3.560652e-13   0.000000e+00   4.089921e-14   144
  2.247941e-01   2.477138e-13   0.000000e+00   6.569004e-14   24
  2.252452e-01   3.163973e-13   1.583038e-04   1.684667e-14   336
  2.260253e-01   4.008058e-13   1.745876e-04   3.857047e-14   198
  2.267563e-01   3.767415e-13   1.697764e-04   2.385365e-14   432
  2.275867e-01   8.109390e-13   0.000000e+00   1.355712e-13   48
  2.280199e-01   3.809957e-13   1.498832e-04   2.721544e-14   384
  2.287976e-01   3.123113e-13   1.725473e-04   3.532671e-14   144
  2.295024e-01   4.405295e-13   1.713168e-04   3.095345e-14   264
  2.303454e-01   2.533260e-13   2.543132e-09   2.784156e-14   48
  2.309110e-01   3.265171e-13   1.628943e-04   2.067629e-14   276
  2.314567e-01   3.702325e-13   1.476593e-04   3.373739e-14   192
  2.321860e-01   3.440134e-13   1.659366e-04   1.925396e-14   552
  2.330715e-01   4.611058e-13   2.877225e-09   4.911247e-14   120
  2.335978e-01   2.509974e-13   1.679687e-04   1.557314e-14   216
  2.340855e-01   3.147865e-13   4.069010e-09   2.741698e-14   120
  2.349569e-01   3.702437e-13   1.654080e-04   2.107403e-14   408
  2.357660e-01   2.536769e-13   3.596531e-09   4.742374e-14   24
  2.362678e-01   3.121516e-13   1.670919e-04   1.712551e-14   384
  2.369685e-01   2.409690e-13   1.632547e-04   1.595670e-14   240
  2.375770e-01   3.185134e-13   1.644502e-04   2.429275e-14   168
  2.384301e-01   3.696242e-13   0.000000e+00   3.570897e-14   120
  2.389801e-01   3.620940e-13   1.714308e-04   2.254869e-14   350
  2.398744e-01   3.693116e-13   2.822081e-04   1.920097e-14   384
  2.404088e-01   5.103346e-13   0.000000e+00   6.611472e-14   144
  2.413921e-01   3.299644e-13   0.000000e+00   2.620927e-14   288
  2.419055e-01   3.646453e-13   1.615394e-04   2.785688e-14   336
  2.426039e-01   2.721645e-13   1.470682e-04   2.181913e-14   168
  2.430220e-01   3.522772e-13   6.498988e-09   2.224745e-14   336
  2.438868e-01   2.908844e-13   1.526480e-04   2.110600e-14   288
  2.444062e-01   3.883291e-13   1.438335e-04   2.750921e-14   264
  2.452858e-01   2.798139e-13   0.000000e+00   2.039941e-14   240
  2.456075e-01   3.231420e-13   3.596531e-09   3.465163e-14   96
  2.467620e-01   3.187139e-13   1.956039e-04   1.896950e-14   360
  2.473008e-01   3.655528e-13   1.441936e-04   3.109746e-14   168
  2.479816e-01   3.331379e-13   1.571860e-04   1.637962e-14   456
  2.488014e-01   2.682292e-13   3.196917e-09   2.349330e-14   108
  2.492626e-01   2.364019e-13   1.577159e-04   1.915063e-14   264
  2.498378e-01   3.015203e-13   1.407083e-04   1.923098e-14   264
  2.506256e-01   3.676583e-13   1.327788e-04   2.536145e-14   312
  2.516065e-01   3.712650e-13   9.866910e-05   3.340170e-14   270
  2.520176e-01   3.974802e-13   1.252729e-04   3.642167e-14   240
  2.527567e-01   3.557423e-13   1.549783e-04   2.799253e-14   384
  2.532054e-01   3.130691e-13   3.596531e-09   2.855652e-14   192
  2.540769e-01   3.945312e-13   1.243495e-04   3.569774e-14   240
  2.545825e-01   3.653026e-13   1.534673e-04   2.525822e-14   336
  2.555333e-01   3.239990e-13   1.544942e-04   1.862483e-14   480
  2.563047e-01   4.112777e-13   5.873111e-09   5.340510e-14   72
  2.567356e-01   3.504786e-13   1.506459e-04   3.226735e-14   240
  2.573216e-01   3.207290e-13   1.415865e-04   2.395530e-14   312
  2.579934e-01   2.742713e-13   1.530210e-04   2.259960e-14   240
  2.590086e-01   3.256822e-13   1.162564e-04   1.873589e-14   408
  2.594104e-01   3.549310e-13   1.064628e-04   2.367136e-14   336
  2.601958e-01   3.477597e-13   1.351816e-04   2.825912e-14   264
  2.605818e-01   2.489631e-13   0.000000e+00   2.071918e-14   144
  2.616557e-01   3.068375e-13   1.873697e-04   1.673062e-14   464
  2.622215e-01   3.097328e-13   1.489973e-04   3.023130e-14   168
  2.627801e-01   2.563064e-13   1.357041e-04   1.901564e-14   336
  2.637897e-01   3.171055e-13   1.425837e-04   1.818724e-14   414
  2.643588e-01   5.034443e-13   1.484211e-04   4.757335e-14   216
  2.650879e-01   4.651390e-13   3.596531e-09   5.569150e-14   96
  2.653856e-01   3.580670e-13   8.042088e-09   2.803921e-14   384
  2.664284e-01   3.610885e-13   1.481344e-04   2.472854e-14   492
  2.669873e-01   4.694686e-13   1.448627e-04   4.333640e-14   240
  2.676189e-01   3.508035e-13   1.470864e-04   2.215426e-14   312
  2.684913e-01   2.979293e-13   1.470380e-04   4.209822e-14   192
  2.690439e-01   3.393737e-13   1.424976e-04   2.468172e-14   504
  2.697770e-01   3.337893e-13   9.433586e-05   2.378845e-14   408
  2.703542e-01   3.250682e-13   2.890096e-04   2.780793e-14   168
  2.710765e-01   3.704634e-13   1.372821e-04   2.275917e-14   288
  2.716826e-01   3.045945e-13   1.432656e-04   2.159158e-14   288
  2.723035e-01   2.422750e-13   1.440903e-04   1.634478e-14   432
  2.732042e-01   3.034468e-13   1.362614e-04   1.999479e-14   216
  2.736854e-01   2.757965e-13   1.359739e-04   1.793930e-14   360
  2.745421e-01   3.191709e-13   1.327092e-04   2.304498e-14   312
  2.753154e-01   4.205572e-13   0.000000e+00   5.078457e-14   48
  2.757611e-01   3.072234e-13   1.422834e-04   1.894571e-14   432
  2.765594e-01   2.791112e-13   2.373302e-04   1.595785e-14   414
  2.770308e-01   3.138744e-13   0.000000e+00   2.571686e-14   312
  2.779102e-01   3.302390e-13   2.082441e-04   2.119993e-14   528
  2.785037e-01   3.095365e-13   1.093105e-04   2.138064e-14   264
  2.792167e-01   3.703110e-13   1.296122e-04   2.699560e-14   480
  2.801483e-01   3.529139e-13   0.000000e+00   2.862795e-14   288
  2.805506e-01   3.143927e-13   1.392643e-04   2.825405e-14   168
  2.812867e-01   3.145212e-13   2.204550e-04   1.702458e-14   504
  2.821143e-01   4.758128e-13   3.390842e-09   4.282323e-14   144
  2.826350e-01   2.749802e-13   1.415850e-04   1.331554e-14   464
  2.834173e-01   3.248044e-13   2.077839e-04   2.416182e-14   432
  2.837886e-01   2.653442e-13   0.000000e+00   2.565496e-14   192
  2.847481e-01   2.426651e-13   1.540373e-04   1.473092e-14   396
  2.853147e-01   2.639775e-13   1.383680e-04   2.138887e-14   288
  2.858874e-01   2.523489e-13   1.366839e-04   1.631546e-14   336
  2.868021e-01   2.929900e-13   8.655099e-05   2.052608e-14   432
  2.873827e-01   2.867420e-13   2.243281e-04   2.033872e-14   360
  2.880345e-01   2.893169e-13   1.326934e-04   1.444194e-14   384
  2.889603e-01   3.024306e-13   1.171274e-04   3.169571e-14   198
  2.894063e-01   2.910281e-13   1.331357e-04   1.530066e-14   552
  2.902381e-01   3.588002e-13   1.863809e-04   2.476483e-14   432
  2.909325e-01   3.014474e-13   4.110321e-09   2.844707e-14   168
  2.915153e-01   3.720134e-13   2.310442e-04   2.229118e-14   480
  2.922863e-01   2.498502e-13   4.069010e-09   2.259297e-14   120
  2.926334e-01   3.534734e-13   1.887069e-04   2.856633e-14   336
  2.934802e-01   2.882694e-13   1.331298e-04   1.508696e-14   672
  2.943175e-01   3.963365e-13   1.936554e-04   2.416159e-14   528
  2.947075e-01   2.081947e-13   0.000000e+00   1.449557e-14   168
  2.956085e-01   2.992733e-13   2.160213e-04   1.862892e-14   456
  2.961583e-01   3.867151e-13   1.319260e-04   4.362992e-14   168
  2.967291e-01   3.273223e-13   1.316892e-04   1.991077e-14   504
  2.976778e-01   2.334627e-13   1.694638e-04   1.544225e-14   336
  2.982515e-01   3.063972e-13   1.221633e-04   2.710145e-14   312
  2.988879e-01   2.880707e-13   1.193619e-04   1.792161e-14   504
  2.997254e-01   2.714617e-13   8.281656e-05   1.687975e-14   432
  3.001192e-01   3.304469e-13   1.279790e-04   2.728061e-14   312
  3.009377e-01   2.814066e-13   1.311847e-04   1.727235e-14   384
  3.017923e-01   4.312346e-13   1.114566e-04   6.441624e-14   126
  3.023199e-01   3.563492e-13   1.956913e-04   2.591722e-14   492
  3.029938e-01   3.074067e-13   1.253405e-04   2.007621e-14   528
  3.038360e-01   2.950818e-13   1.273190e-04   1.879274e-14   480
  3.043581e-01   2.881551e-13   1.758905e-04   1.588018e-14   432
  3.051137e-01   2.856868e-13   1.383146e-04   1.930482e-14   440
  3.059913e-01   3.466099e-13   6.878330e-05   3.105982e-14   312
  3.063206e-01   2.780449e-13   1.030775e-04   1.634532e-14   480
  3.069960e-01   2.987077e-13   2.018238e-04   2.198588e-14   408
  3.079829e-01   3.565667e-13   1.208696e-04   2.384133e-14   360
  3.083998e-01   2.828428e-13   1.166348e-04   2.054324e-14   408
  3.091725e-01   2.588011e-13   1.186907e-04   1.725807e-14   456
  3.100425e-01   3.243258e-13   1.134390e-04   2.898944e-14   264
  3.105254e-01   3.213452e-13   1.231098e-04   2.075239e-14   384
  3.112283e-01   2.651017e-13   2.072640e-04   1.536554e-14   672
  3.120409e-01   3.491323e-13   1.239707e-04   3.083148e-14   240
  3.125099e-01   2.839751e-13   1.257992e-04   1.911096e-14   264
  3.131717e-01   2.029324e-13   1.551526e-04   1.014574e-14   624
  3.141593e-01   2.764135e-13   0.000000e+00   4.155508e-14   150
  3.145109e-01   3.524803e-13   1.738607e-04   1.987523e-14   600
  3.152524e-01   3.609427e-13   1.199942e-04   2.323938e-14   672
  3.160921e-01   2.634301e-13   1.128630e-04   2.134938e-14   336
  3.165599e-01   3.835654e-13   1.227621e-04   3.369423e-14   408
  3.173072e-01   3.046782e-13   1.224729e-04   2.115992e-14   408
  3.181385e-01   3.663266e-13   6.192886e-05   2.967144e-14   360
  3.186510e-01   3.163215e-13   2.273829e-04   1.749240e-14   456
  3.192699e-01   3.054435e-13   1.236522e-04   2.248455e-14   384
  3.200577e-01   2.052917e-13   1.141466e-04   1.269789e-14   348
  3.204835e-01   3.181478e-13   1.407202e-04   1.734820e-14   576
  3.212832e-01   2.653726e-13   1.158646e-04   1.940377e-14   504
  3.221013e-01   2.515475e-13   1.634203e-04   1.412388e-14   432
  3.228154e-01   3.093704e-13   2.223325e-04   1.536455e-14   576
  3.233247e-01   2.660766e-13   5.231318e-09   2.088864e-14   264
  3.241325e-01   2.716996e-13   1.769212e-04   1.356385e-14   768
  3.248351e-01   1.907229e-13   2.381921e-04   1.237477e-14   240
  3.253937e-01   3.158031e-13   2.100629e-04   3.596930e-14   192
  3.262073e-01   2.266484e-13   1.546319e-04   1.644001e-14   504
  3.268108e-01   3.679873e-13   2.083724e-04   2.531270e-14   590
  3.273894e-01   3.757392e-13   2.334698e-04   3.089394e-14   384
  3.281151e-01   3.220067e-13   1.951120e-04   2.110578e-14   504
  3.289911e-01   3.651262e-13   1.877651e-04   2.886941e-14   648
  3.298409e-01   2.783386e-13   5.099453e-05   1.994775e-14   504
  3.301835e-01   2.685686e-13   1.163281e-04   1.842863e-14   312
  3.307884e-01   3.510268e-13   1.676002e-04   2.316736e-14   576
  3.316189e-01   3.509573e-13   1.166339e-04   3.645635e-14   240
  3.321030e-01   2.340333e-13   1.178530e-04   1.236851e-14   552
  3.327882e-01   3.362831e-13   1.106612e-04   2.256919e-14   600
  3.337643e-01   2.663517e-13   1.351639e-04   1.563532e-14   600
  3.343511e-01   2.473426e-13   2.164544e-04   1.572889e-14   312
  3.349356e-01   3.442051e-13   1.885103e-04   2.299657e-14   480
  3.356656e-01   2.613011e-13   1.176123e-04   1.347907e-14   576
  3.363084e-01   3.282955e-13   1.893814e-04   2.401461e-14   408
  3.368787e-01   2.097800e-13   2.209222e-04   1.925788e-14   216
  3.376156e-01   2.694434e-13   1.692015e-04   1.354907e-14   516
  3.384050e-01   3.195493e-13   1.614354e-04   1.568108e-14   744
  3.392194e-01   3.199210e-13   1.078246e-04   1.888175e-14   462
  3.396796e-01   2.456703e-13   1.095881e-04   2.120618e-14   432
  3.403934e-01   3.053908e-13   1.016670e-04   1.999455e-14   648
  3.412327e-01   3.099539e-13   1.487578e-04   2.038520e-14   528
  3.419069e-01   3.591735e-13   1.791415e-04   2.685183e-14   600
  3.425805e-01   4.939487e-13   2.258506e-04   4.252894e-14   240
  3.432329e-01   2.964351e-13   1.729994e-04   1.672866e-14   720
  3.439912e-01   2.931890e-13   1.368738e-04   1.626525e-14   720
  3.448318e-01   1.725193e-13   0.000000e+00   1.515820e-14   144
  3.452742e-01   3.661654e-13   1.764713e-04   2.277126e-14   720
  3.459035e-01   3.081761e-13   1.058157e-04   1.926405e-14   384
  3.466913e-01   3.051652e-13   1.173023e-04   1.662272e-14   672
  3.474387e-01   3.622953e-13   2.053834e-04   2.826558e-14   336
  3.477957e-01   2.845123e-13   4.795375e-09   2.542497e-14   288
  3.486699e-01   2.722219e-13   1.625472e-04   1.410842e-14   776
  3.494792e-01   2.583156e-13   1.390838e-04   1.122630e-14   720
  3.501588e-01   2.854758e-13   1.120422e-04   1.819535e-14   432
  3.507024e-01   2.949761e-13   1.597303e-04   1.878461e-14   504
  3.513071e-01   3.171015e-13   1.119137e-04   2.193876e-14   528
  3.521533e-01   3.591677e-13   1.524759e-04   3.498592e-14   438
  3.528495e-01   3.645628e-13   1.774680e-04   3.048527e-14   624
  3.533741e-01   3.096930e-13   2.173744e-04   2.661343e-14   312
  3.540952e-01   4.081584e-13   1.171159e-04   2.323967e-14   696
  3.548410e-01   3.078788e-13   1.059686e-04   1.909169e-14   552
  3.556166e-01   3.300004e-13   8.198436e-05   2.908927e-14   516
  3.560964e-01   3.598978e-13   1.637576e-04   2.371627e-14   528
  3.566805e-01   2.029618e-13   1.064960e-04   1.158638e-14   528
  3.575102e-01   3.200897e-13   1.404467e-04   2.019840e-14   864
  3.580734e-01   3.059314e-13   1.923830e-04   2.427248e-14   408
  3.586372e-01   4.444976e-13   1.906039e-04   3.756064e-14   192
  3.594362e-01   2.584650e-13   1.577339e-04   1.427028e-14   720
  3.601108e-01   2.608101e-13   1.454384e-04   1.542126e-14   696
  3.609123e-01   2.879926e-13   1.570748e-04   1.720606e-14   720
  3.616456e-01   3.194743e-13   2.128961e-04   2.446721e-14   432
  3.620733e-01   2.327676e-13   1.253189e-04   1.586306e-14   264
  3.628427e-01   3.000707e-13   1.730599e-04   1.616704e-14   672
  3.635310e-01   2.703305e-13   1.771868e-04   1.362236e-14   600
  3.643477e-01   2.184019e-13   1.037427e-04   1.313234e-14   270
  3.647594e-01   3.478097e-13   1.561617e-04   3.011024e-14   528
  3.654138e-01   3.464304e-13   1.069340e-04   1.867985e-14   840
  3.663112e-01   3.991591e-13   2.044769e-04   2.405538e-14   888
  3.671403e-01   2.873362e-13   1.523504e-04   1.523060e-14   744
  3.678411e-01   3.203806e-13   7.828584e-05   2.309017e-14   456
  3.681896e-01   4.530769e-13   1.069824e-04   3.136007e-14   360
  3.687860e-01   3.634090e-13   9.269427e-05   3.716470e-14   384
  3.697011e-01   3.624252e-13   1.486807e-04   2.215147e-14   816
  3.703877e-01   3.458352e-13   2.157150e-04   2.115010e-14   824
  3.712223e-01   2.575682e-13   1.002746e-04   2.042872e-14   360
  3.716692e-01   2.750068e-13   1.479676e-04   1.371258e-14   624
  3.722842e-01   3.030590e-13   9.998850e-05   1.881324e-14   360
  3.731036e-01   2.890695e-13   1.360137e-04   1.752367e-14   876
  3.738436e-01   2.538053e-13   1.615436e-04   1.388896e-14   696
  3.745899e-01   2.330039e-13   1.043143e-04   1.569703e-14   336
  3.749811e-01   3.575170e-13   1.041971e-04   2.147973e-14   504
  3.756273e-01   3.049045e-13   1.051000e-04   2.086252e-14   672
  3.765859e-01   2.633331e-13   2.092296e-04   1.290581e-14   720
  3.772508e-01   4.200614e-13   1.580506e-04   3.501242e-14   774
  3.779846e-01   5.151385e-13   9.046409e-05   4.829253e-14   384
  3.783690e-01   3.623854e-13   1.740917e-04   2.464303e-14   528
  3.789655e-01   3.898203e-13   1.659191e-04   2.426993e-14   744
  3.799249e-01   3.771588e-13   1.368481e-04   2.204578e-14   768
  3.805620e-01   3.377472e-13   1.536223e-04   2.217365e-14   552
  3.813568e-01   3.038653e-13   1.674309e-04   1.680373e-14   696
  3.819481e-01   4.216396e-13   2.034577e-04   3.131150e-14   408
  3.824174e-01   4.380287e-13   8.789532e-05   2.792321e-14   504
  3.831615e-01   3.026926e-13   1.579007e-04   1.902745e-14   888
  3.838937e-01   3.186983e-13   1.641044e-04   1.789575e-14   648
  3.846547e-01   3.724157e-13   1.626978e-04   2.732280e-14   648
  3.853707e-01   3.644151e-13   1.754281e-04   2.343494e-14   792
  3.861291e-01   3.211301e-13   2.566633e-04   1.895722e-14   600
  3.866880e-01   2.403056e-13   1.739428e-04   1.328485e-14   456
  3.872762e-01   2.907201e-13   8.477229e-05   1.600960e-14   648
  3.880317e-01   3.045700e-13   1.653183e-04   1.417055e-14   936
  3.888474e-01   4.029007e-13   1.015268e-04   2.831048e-14   384
  3.895575e-01   3.548866e-13   0.000000e+00   3.813293e-14   198
  3.901055e-01   3.132347e-13   2.575821e-04   1.947223e-14   1224
  3.906966e-01   5.059437e-13   1.875990e-04   4.127277e-14   420
  3.913957e-01   4.420024e-13   1.815566e-04   3.183235e-14   792
  3.920793e-01   3.915554e-13   1.501318e-04   2.773766e-14   680
  3.928594e-01   3.303880e-13   1.378581e-04   2.070440e-14   600
  3.934870e-01   3.508431e-13   1.999321e-04   2.464190e-14   840
  3.943251e-01   3.004775e-13   9.439865e-05   1.715274e-14   432
  3.946454e-01   4.139676e-13   8.846397e-05   2.796592e-14   720
  3.953417e-01   2.953940e-13   1.771778e-04   1.222873e-14   960
  3.962077e-01   3.157623e-13   1.579411e-04   2.292640e-14   528
  3.968405e-01   2.880559e-13   1.614459e-04   1.536875e-14   624
  3.975938e-01   3.565258e-13   1.268954e-04   1.858296e-14   816
  3.983415e-01   3.341606e-13   2.086821e-04   1.889622e-14   696
  3.991678e-01   3.042506e-13   5.754450e-09   3.581852e-14   240
  3.994784e-01   3.482877e-13   1.230648e-04   2.918472e-14   672
  4.001719e-01   2.959680e-13   2.199344e-04   1.499289e-14   864
  4.009498e-01   2.512867e-13   1.687640e-04   1.333994e-14   816
  4.016509e-01   3.024323e-13   9.659469e-05   1.782153e-14   648
  4.024060e-01   4.068072e-13   9.873737e-05   2.556228e-14   843
  4.030471e-01   3.148235e-13   1.776528e-04   1.977098e-14   780
  4.038111e-01   4.906146e-13   9.532520e-05   6.703195e-14   216
  4.042823e-01   3.121125e-13   2.298663e-04   1.457396e-14   1056
  4.050071e-01   2.946367e-13   1.880564e-04   2.461023e-14   228
  4.056781e-01   4.109390e-13   2.341349e-04   2.295425e-14   924
  4.063670e-01   3.487621e-13   8.685094e-05   1.865909e-14   696
  4.070964e-01   2.994018e-13   1.545698e-04   1.620190e-14   996
  4.078428e-01   2.877705e-13   9.125493e-05   2.212049e-14   576
  4.086192e-01   3.552372e-13   1.408459e-04   2.907851e-14   552
  4.091852e-01   4.540991e-13   1.681651e-04   3.838525e-14   516
  4.097596e-01   3.010704e-13   2.445470e-04   1.487909e-14   744
  4.104159e-01   2.395223e-13   1.199649e-04   1.305746e-14   576
  4.109868e-01   2.653880e-13   1.234742e-04   1.256617e-14   792
  4.117982e-01   2.763469e-13   1.411539e-04   1.516175e-14   792
  4.123927e-01   3.013947e-13   1.522330e-04   2.032861e-14   720
  4.131968e-01   2.773141e-13   1.735107e-04   1.525550e-14   656
  4.139503e-01   2.759989e-13   1.894646e-04   1.344127e-14   816
  4.147227e-01   2.895875e-13   1.021561e-04   2.460788e-14   492
  4.151618e-01   2.729934e-13   1.469588e-04   1.763947e-14   552
  4.159858e-01   2.429372e-13   2.555435e-04   1.449718e-14   780
  4.165209e-01   2.927300e-13   1.569773e-04   1.620436e-14   528
  4.170975e-01   2.441033e-13   1.832403e-04   1.264432e-14   600
  4.179472e-01   2.883772e-13   1.522872e-04   1.250047e-14   900
  4.185329e-01   2.512098e-13   8.430879e-05   1.260736e-14   696
  4.193388e-01   2.795156e-13   2.131780e-04   1.371885e-14   696
  4.201183e-01   2.335038e-13   8.648430e-05   1.096077e-14   552
  4.207739e-01   2.587826e-13   1.005733e-04   1.407374e-14   708
  4.214606e-01   2.515806e-13   1.660522e-04   1.196004e-14   876
  4.221752e-01   2.478586e-13   8.817041e-05   2.036704e-14   216
  4.226547e-01   2.702180e-13   2.411580e-04   1.060178e-14   1032
  4.233729e-01   2.261496e-13   2.685028e-04   1.229022e-14   600
  4.241182e-01   2.039929e-13   1.281196e-04   1.060221e-14   600
  4.246868e-01   2.817414e-13   2.262472e-04   2.168477e-14   528
  4.253589e-01   2.700958e-13   1.241998e-04   1.324422e-14   732
  4.260669e-01   2.760099e-13   9.171027e-05   1.793888e-14   336
  4.268820e-01   2.523290e-13   1.307053e-04   1.169680e-14   912
  4.274911e-01   2.031008e-13   1.311885e-04   9.480688e-15   624
  4.281565e-01   2.205805e-13   1.105498e-04   9.367093e-15   768
  4.289333e-01   2.098970e-13   1.994537e-04   9.564707e-15   792
  4.296957e-01   2.728991e-13   9.888090e-05   1.512470e-14   660
  4.302382e-01   2.294214e-13   1.457169e-04   1.468376e-14   504
  4.307992e-01   2.112131e-13   2.380735e-04   1.041566e-14   480
  4.316401e-01   1.852409e-13   2.201870e-04   6.751213e-15   912
  4.322985e-01   2.424899e-13   2.452123e-04   1.353867e-14   432
  4.329203e-01   2.197475e-13   1.456013e-04   1.126086e-14   564
  4.334724e-01   2.313763e-13   1.393605e-04   1.084525e-14   600
  4.342496e-01   2.639467e-13   1.942553e-04   1.093503e-14   876
  4.348334e-01   2.142450e-13   8.734307e-05   1.642402e-14   264
  4.356382e-01   1.904327e-13   1.694799e-04   1.034883e-14   560
  4.362850e-01   1.960641e-13   1.151652e-04   7.002815e-15   840
  4.370702e-01   1.900379e-13   1.775516e-04   6.544047e-15   1008
  4.377963e-01   1.864158e-13   7.942467e-05   9.963725e-15   456
  4.384595e-01   2.487419e-13   1.028834e-04   1.566453e-14   576
  4.390725e-01   2.119203e-13   1.580913e-04   9.503682e-15   612
  4.398809e-01   2.357340e-13   1.412012e-04   1.197729e-14   780
  4.405404e-01   2.268639e-13   1.618102e-04   1.185419e-14   648
  4.412155e-01   2.386519e-13   7.540562e-05   1.525950e-14   312
  4.416470e-01   1.921485e-13   1.915933e-04   9.551266e-15   528
  4.423945e-01   1.872317e-13   2.502113e-04   7.207465e-15   720
  4.431093e-01   2.065223e-13   2.509948e-04   1.251812e-14   576
  4.439759e-01   1.987363e-13   2.165154e-04   1.057929e-14   444
  4.445151e-01   2.089007e-13   2.123318e-04   7.271491e-15   996
  4.451759e-01   1.590681e-13   1.773610e-04   9.409629e-15   432
  4.458005e-01   2.064169e-13   1.941754e-04   1.078776e-14   504
  4.463400e-01   1.819768e-13   8.754449e-05   8.973896e-15   504
  4.471082e-01   2.356357e-13   1.722886e-04   8.713102e-15   876
  4.478033e-01   1.849922e-13   1.982878e-04   1.027200e-14   504
  4.485271e-01   2.034751e-13   1.264576e-04   8.613736e-15   696
  4.491253e-01   2.018019e-13   1.081079e-04   9.733939e-15   492
  4.499392e-01   1.753040e-13   1.547618e-04   1.010671e-14   432
  4.505420e-01   2.144024e-13   1.449174e-04   7.792124e-15   768
  4.512567e-01   1.942920e-13   1.805141e-04   9.999036e-15   648
  4.519390e-01   1.770856e-13   1.177661e-04   1.064642e-14   456
  4.527231e-01   1.873083e-13   1.619475e-04   1.029674e-14   552
  4.532676e-01   2.137098e-13   1.109989e-04   9.486154e-15   648
  4.540170e-01   1.864541e-13   1.809220e-04   6.660081e-15   840
  4.547491e-01   2.136704e-13   8.627791e-05   1.061933e-14   432
  4.554820e-01   2.051111e-13   1.056757e-04   9.951641e-15   600
  4.559917e-01   2.349439e-13   1.125905e-04   1.172500e-14   432
  4.568479e-01   1.991506e-13   1.120948e-04   9.142339e-15   560
  4.574277e-01   1.735104e-13   1.774344e-04   6.617051e-15   840
  4.581537e-01   1.762517e-13   1.050970e-04   8.534169e-15   504
  4.587303e-01   2.017619e-13   2.144966e-04   9.129339e-15   696
  4.595432e-01   2.224692e-13   1.171504e-04   1.254901e-14   384
  4.601763e-01   1.626663e-13   1.716116e-04   7.496256e-15   576
  4.609420e-01   1.642225e-13   1.059101e-04   9.529870e-15   360
  4.615593e-01   1.896986e-13   1.577258e-04   7.053182e-15   828
  4.622251e-01   1.868144e-13   1.404841e-04   1.121314e-14   372
  4.628352e-01   1.734648e-13   2.145462e-04   8.069847e-15   576
  4.636434e-01   1.869022e-13   8.985170e-05   8.196421e-15   636
  4.642192e-01   2.179178e-13   1.732109e-04   1.031982e-14   648
  4.649981e-01   1.740327e-13   1.408015e-04   8.213040e-15   576
  4.655573e-01   1.777927e-13   2.271277e-04   8.264213e-15   528
  4.663010e-01   1.837639e-13   9.710647e-05   1.152949e-14   360
  4.669165e-01   1.595777e-13   2.233813e-04   6.420804e-15   672
  4.677203e-01   1.800997e-13   1.144196e-04   7.010825e-15   804
  4.683893e-01   2.041632e-13   1.262185e-04   1.274170e-14   408
  4.691293e-01   1.780439e-13   7.801673e-05   1.022542e-14   384
  4.696276e-01   1.449691e-13   1.785323e-04   7.337247e-15   480
  4.703304e-01   1.706351e-13   1.153580e-04   8.457955e-15   432
  4.710045e-01   1.857101e-13   2.125802e-04   8.539815e-15   648
  4.718024e-01   1.996106e-13   1.319050e-04   8.971163e-15   624
  4.723861e-01   1.899594e-13   1.199787e-04   9.315582e-15   456
  4.731831e-01   1.787303e-13   1.639016e-04   7.589602e-15   588
  4.737172e-01   1.491449e-13   1.045685e-04   5.917581e-15   600
  4.744970e-01   1.909748e-13   1.631013e-04   8.410420e-15   708
  4.751130e-01   2.221733e-13   1.027507e-04   1.272227e-14   360
  4.757936e-01   1.882123e-13   1.181146e-04   9.418047e-15   552
  4.764461e-01   1.585836e-13   8.286020e-05   1.051005e-14   288
  4.771085e-01   1.933564e-13   1.557998e-04   8.547448e-15   528
  4.777309e-01   1.957126e-13   1.051098e-04   8.628775e-15   456
  4.784262e-01   1.783821e-13   1.863824e-04   7.372830e-15   608
  4.791256e-01   1.558576e-13   9.017389e-05   6.891234e-15   504
  4.798898e-01   1.559117e-13   1.935982e-04   7.874041e-15   540
  4.804891e-01   1.925511e-13   2.078222e-04   1.108500e-14   360
  4.811350e-01   2.135906e-13   9.411255e-05   9.840756e-15   540
  4.817063e-01   1.826324e-13   8.080679e-05   7.424079e-15   576
  4.825371e-01   1.832919e-13   1.873635e-04   7.117036e-15   588
  4.833270e-01   1.775401e-13   2.585051e-04   7.347149e-15   672
  4.840056e-01   1.844871e-13   1.975777e-04   8.224544e-15   552
  4.845526e-01   1.465150e-13   1.976776e-04   1.273767e-14   144
  4.852507e-01   1.675563e-13   1.679474e-04   7.597184e-15   600
  4.859125e-01   1.493184e-13   2.104747e-04   7.794780e-15   504
  4.866470e-01   2.017173e-13   2.162000e-04   1.333486e-14   336
  4.874196e-01   1.782074e-13   2.430098e-04   7.227869e-15   600
  4.881116e-01   1.522636e-13   1.568306e-04   6.119121e-15   636
  4.888585e-01   1.668617e-13   1.260932e-04   1.007094e-14   384
  4.893821e-01   1.896302e-13   1.758851e-04   8.611628e-15   504
  4.901368e-01   1.839450e-13   7.381652e-05   1.345434e-14   240
  4.907324e-01   2.069876e-13   1.734055e-04   8.764380e-15   744
  4.914470e-01   1.663581e-13   1.184096e-04   8.080989e-15   648
  4.920821e-01   3.455220e-13   7.860381e-05   3.395032e-14   120
  4.928265e-01   1.784755e-13   1.234764e-04   8.556496e-15   564
  4.933890e-01   2.051478e-13   1.939271e-04   9.980515e-15   432
  4.941396e-01   1.733946e-13   1.505258e-04   7.663140e-15   480
  4.947049e-01   1.452097e-13   1.107908e-04   6.745208e-15   456
  4.953721e-01   1.732227e-13   1.833424e-04   8.390124e-15   444
  4.961293e-01   1.472572e-13   2.805235e-04   7.097672e-15   528
  4.967944e-01   1.663232e-13   2.083390e-04   1.342275e-14   264
  4.974399e-01   1.858111e-13   2.135165e-04   8.660653e-15   444
  4.983082e-01   2.041313e-13   2.338759e-04   7.167624e-15   696
  4.990289e-01   2.095390e-13   1.250847e-04   1.226005e-14   384
  4.995560e-01   1.681533e-13   1.580550e-04   8.076216e-15   432
  5.003759e-01   1.783137e-13   1.092086e-04   8.179491e-15   488
  5.009082e-01   1.952409e-13   1.645909e-04   9.465054e-15   480
  5.016800e-01   1.662318e-13   1.835529e-04   9.909177e-15   480
  5.022777e-01   1.761647e-13   7.701318e-05   1.056916e-14   240
  5.029563e-01   1.861673e-13   1.798967e-04   8.215675e-15   600
  5.035964e-01   1.473661e-13   1.567616e-04   9.418155e-15   288
  5.042780e-01   1.793058e-13   1.507931e-04   8.307203e-15   480
  5.049682e-01   1.672061e-13   2.682341e-04   8.984454e-15   504
  5.056479e-01   1.870385e-13   1.150891e-04   1.354201e-14   216
  5.065146e-01   1.651213e-13   1.884192e-04   7.715593e-15   504
  5.071897e-01   1.697213e-13   1.515464e-04   8.736242e-15   456
  5.079286e-01   2.272747e-13   8.691443e-05   1.228787e-14   384
  5.084180e-01   2.061595e-13   1.764049e-04   1.129557e-14   480
  5.091134e-01   1.761615e-13   1.549032e-04   8.467807e-15   504
  5.097578e-01   1.922511e-13   9.826093e-05   1.302732e-14   312
  5.104521e-01   1.993691e-13   1.583441e-04   1.029306e-14   492
  5.110667e-01   2.233921e-13   1.484108e-04   1.554166e-14   312
  5.118579e-01   1.710879e-13   2.410815e-04   8.036216e-15   576
  5.125543e-01   1.982322e-13   2.225378e-04   1.408510e-14   336
  5.131328e-01   1.548497e-13   1.713438e-04   1.019809e-14   240
  5.139346e-01   1.566874e-13   2.271584e-04   8.247133e-15   468
  5.146270e-01   1.996355e-13   1.422340e-04   1.483280e-14   192
  5.153517e-01   1.654562e-13   1.426580e-04   1.036622e-14   324
  5.158828e-01   1.884982e-13   1.035388e-04   8.980837e-15   600
  5.166066e-01   2.143064e-13   1.679811e-04   1.158191e-14   456
  5.171442e-01   1.902841e-13   7.555790e-05   1.124376e-14   336
  5.180350e-01   2.179265e-13   2.262417e-04   1.005972e-14   612
  5.186832e-01   1.603644e-13   1.898719e-04   1.490200e-14   144
  5.192961e-01   2.201634e-13   2.216292e-04   1.050362e-14   552
  5.201296e-01   1.737460e-13   8.728032e-05   9.920718e-15   264
  5.206006e-01   2.294911e-13   2.020762e-04   1.275406e-14   336
  5.213435e-01   1.803472e-13   1.335250e-04   9.316810e-15   384
  5.219878e-01   2.265884e-13   7.516140e-05   2.035890e-14   216
  5.227010e-01   1.519881e-13   1.593577e-04   8.506918e-15   344
  5.233513e-01   1.635578e-13   2.377692e-04   8.913631e-15   408
  5.241438e-01   1.825791e-13   1.827101e-04   1.324063e-14   264
  5.248460e-01   1.981991e-13   2.547069e-04   1.059206e-14   612
  5.255476e-01   2.177242e-13   1.310917e-04   1.180099e-14   408
  5.262692e-01   1.647786e-13   1.312801e-04   9.968126e-15   444
  5.267993e-01   3.621987e-13   7.342396e-05   3.410846e-14   120
  5.275096e-01   1.989477e-13   2.028570e-04   1.318018e-14   336
  5.280368e-01   1.728746e-13   7.049199e-05   1.034706e-14   288
  5.287493e-01   1.904247e-13   2.193723e-04   9.243413e-15   552
  5.297288e-01   2.868035e-13   1.174622e-08   3.403348e-14   72
  5.302324e-01   1.813648e-13   2.178926e-04   9.619930e-15   504
  5.308207e-01   1.339435e-13   7.011571e-05   9.554361e-15   216
  5.315829e-01   1.904572e-13   1.251868e-04   1.292172e-14   312
  5.322672e-01   1.669417e-13   1.425448e-04   1.069470e-14   336
  5.329194e-01   1.869495e-13   1.975831e-04   1.105554e-14   204
  5.335689e-01   2.057666e-13   2.296216e-04   1.130452e-14   504
  5.342577e-01   2.490048e-13   2.186657e-04   1.360752e-14   396
  5.349201e-01   1.969561e-13   2.005279e-04   1.099946e-14   312
  5.357232e-01   2.087487e-13   1.225440e-04   1.493263e-14   216
  5.362890e-01   2.303794e-13   6.650698e-05   2.126035e-14   168
  5.369766e-01   1.910340e-13   1.679338e-04   7.992705e-15   588
  5.377613e-01   1.848433e-13   2.279505e-04   1.419247e-14   240
  5.383710e-01   1.550428e-13   2.013185e-04   1.302488e-14   264
  5.390860e-01   1.716986e-13   2.489717e-04   1.043883e-14   288
  5.397204e-01   1.800091e-13   1.243261e-04   1.120710e-14   288
  5.405244e-01   1.566153e-13   1.167620e-04   1.113902e-14   288
  5.410658e-01   1.774847e-13   1.352591e-04   1.333164e-14   192
  5.417469e-01   1.556307e-13   1.439292e-04   9.656725e-15   264
  5.423957e-01   2.574303e-13   2.367436e-04   1.553822e-14   372
  5.430940e-01   2.083056e-13   2.556933e-04   1.393726e-14   360
  5.439463e-01   2.461463e-13   1.082118e-04   1.975746e-14   144
  5.443868e-01   1.630742e-13   1.503015e-04   1.000247e-14   296
  5.450821e-01   1.763506e-13   1.619421e-04   1.335258e-14   288
  5.458782e-01   2.187043e-13   2.420184e-04   9.533914e-15   480
  5.465649e-01   1.939362e-13   2.010942e-04   1.616101e-14   192
  5.472326e-01   2.302467e-13   2.157009e-04   1.738099e-14   192
  5.478395e-01   1.608921e-13   1.374687e-04   1.048111e-14   288
  5.486835e-01   1.555295e-13   1.196646e-04   1.271939e-14   108
  5.491087e-01   2.318987e-13   1.150429e-04   1.428427e-14   240
  5.498595e-01   1.552315e-13   2.146152e-04   9.605030e-15   384
  5.506307e-01   2.479131e-13   2.618062e-04   3.717731e-14   108
  5.513127e-01   2.783027e-13   1.535018e-04   1.771559e-14   348
  5.520298e-01   1.738030e-13   1.602006e-04   1.269182e-14   312
  5.526703e-01   2.152432e-13   1.556684e-04   2.534376e-14   96
  5.532593e-01   2.116122e-13   2.072444e-04   1.320187e-14   384
  5.539190e-01   2.522904e-13   1.425422e-04   2.257812e-14   144
  5.545642e-01   1.660419e-13   2.190224e-04   8.178994e-15   408
  5.553663e-01   1.586093e-13   9.769946e-05   1.287767e-14   144
  5.561240e-01   2.111005e-13   1.878283e-04   1.720779e-14   192
  5.565734e-01   1.921457e-13   2.114042e-04   1.744549e-14   144
  5.573059e-01   1.492422e-13   1.718794e-04   1.204184e-14   144
  5.579969e-01   2.276989e-13   2.100644e-04   1.472993e-14   336
  5.588433e-01   1.637209e-13   1.554210e-04   1.175933e-14   240
  5.593800e-01   1.683362e-13   7.057532e-05   2.125177e-14   96
  5.601284e-01   2.185921e-13   2.069634e-04   1.282993e-14   372
  5.608856e-01   1.960202e-13   2.461786e-04   1.938079e-14   132
  5.615507e-01   1.824841e-13   1.523323e-04   1.073174e-14   264
  5.621457e-01   1.738202e-13   1.169843e-04   1.307763e-14   168
  5.627807e-01   1.834709e-13   1.870354e-04   1.067010e-14   216
  5.633417e-01   1.968188e-13   1.144306e-04   1.590101e-14   216
  5.641586e-01   1.327320e-13   2.099325e-04   1.473108e-14   96
  5.648999e-01   2.084033e-13   1.369618e-04   2.478893e-14   120
  5.655797e-01   1.718917e-13   1.741170e-04   1.354282e-14   216
  5.661397e-01   1.741158e-13   7.608972e-05   1.314097e-14   200
  5.668812e-01   2.064721e-13   1.969636e-04   1.496577e-14   288
  5.678322e-01   1.257720e-13   5.182495e-05   1.007945e-14   144
  5.682326e-01   1.632216e-13   1.612761e-04   1.267974e-14   168
  5.690504e-01   2.095548e-13   1.815012e-04   2.365452e-14   159
  5.696887e-01   1.646804e-13   1.904384e-04   1.483627e-14   174
  5.703065e-01   1.606936e-13   1.726829e-04   1.314412e-14   144
  5.711154e-01   1.927884e-13   9.971188e-05   1.314892e-14   222
  5.716564e-01   1.857434e-13   1.006181e-04   1.360998e-14   168
  5.725909e-01   4.561660e-13   2.206942e-04   1.189209e-13   30
  5.729769e-01   8.321861e-14   1.948567e-04   9.001717e-15   72
  5.737039e-01   1.734747e-13   1.739073e-04   1.232600e-14   258
  5.745032e-01   1.664009e-13   1.089226e-04   9.764733e-15   264
  5.749029e-01   2.012880e-13   0.000000e+00   3.324424e-14   72
  5.757357e-01   1.324847e-13   2.158892e-04   1.302756e-14   174
  5.764898e-01   1.936535e-13   2.298822e-04   1.364349e-14   168
  5.770961e-01   1.569218e-13   7.193062e-09   2.211305e-14   48
  5.777470e-01   1.304229e-13   1.298199e-04   1.008458e-14   150
  5.785016e-01   1.830084e-13   2.388130e-04   1.474422e-14   168
  5.792583e-01   1.439536e-13   1.454738e-04   1.307466e-14   144
  5.799541e-01   1.451089e-13   1.359056e-04   1.697730e-14   102
  5.804724e-01   1.520436e-13   2.011636e-04   1.441411e-14   96
  5.812948e-01   1.396893e-13   1.996414e-04   1.622033e-14   120
  5.819038e-01   1.545437e-13   2.141206e-04   1.076008e-14   168
  5.825625e-01   2.135036e-13   1.581111e-04   1.747722e-14   126
  5.831237e-01   1.682533e-13   1.192474e-04   1.344332e-14   168
  5.838969e-01   2.077412e-13   1.912134e-04   1.787985e-14   72
  5.845726e-01   1.603678e-13   2.394418e-04   1.143296e-14   168
  5.851646e-01   1.624659e-13   6.564276e-05   1.495907e-14   78
  5.859757e-01   1.343945e-13   1.077805e-04   1.861005e-14   60
  5.866288e-01   2.397787e-13   1.748374e-04   2.286543e-14   96
  5.873062e-01   1.606376e-13   2.121507e-04   1.361263e-14   168
  5.879428e-01   1.572578e-13   1.342407e-04   1.704015e-14   86
  5.886107e-01   1.618511e-13   1.199794e-04   1.499300e-14   120
  5.895681e-01   1.611968e-13   8.556122e-05   1.107348e-14   168
  5.900844e-01   1.278358e-13   0.000000e+00   1.863107e-14   48
  5.907798e-01   1.731094e-13   1.558833e-04   1.656890e-14   120
  5.911793e-01   1.800600e-13   1.137231e-04   1.446581e-14   126
  5.921548e-01   1.427980e-13   2.000073e-04   1.244147e-14   96
  5.927878e-01   1.703952e-13   5.767222e-05   1.347024e-14   96
  5.932871e-01   1.651214e-13   0.000000e+00   1.404951e-14   72
  5.943508e-01   1.648763e-13   7.193062e-09   3.646956e-14   24
  5.950147e-01   1.877163e-13   1.186881e-04   1.862047e-14   120
  5.955326e-01   2.085064e-13   1.731294e-04   2.044731e-14   126
  5.961084e-01   1.673713e-13   1.443268e-04   1.481622e-14   96
  5.967813e-01   1.493697e-13   2.494389e-04   2.244484e-14   72
  5.975306e-01   1.594454e-13   1.078907e-04   1.174041e-14   144
  5.981469e-01   1.713631e-13   6.222882e-05   2.419894e-14   72
  5.987626e-01   1.573850e-13   1.242932e-04   1.340209e-14   54
  5.993045e-01   1.811311e-13   1.095319e-04   1.457455e-14   108
  6.004306e-01   1.470429e-13   1.073696e-04   1.551788e-14   72
  6.007812e-01   2.109624e-13   6.195595e-05   2.848916e-14   72
  6.016129e-01   1.506903e-13   1.245875e-08   1.909044e-14   24
  6.023999e-01   1.353953e-13   1.310705e-04   1.650442e-14   48
  6.028777e-01   1.393793e-13   9.984188e-05   1.240118e-14   102
  6.035970e-01   1.308452e-13   2.258008e-04   8.402961e-15   168
  6.045369e-01   1.329265e-13   1.231465e-04   1.663339e-14   72
  6.048851e-01   2.171774e-13   0.000000e+00   2.923263e-14   48
  6.056156e-01   2.054300e-13   2.118194e-04   1.636927e-14   120
  6.065796e-01   1.627158e-13   1.301673e-04   1.739413e-14   96
  6.074901e-01   2.251935e-13   1.409547e-08   4.611851e-14   30
  6.085723e-01   2.444471e-13   6.115837e-05   2.175356e-14   72
  6.090478e-01   2.382075e-13   7.193062e-09   4.087125e-14   24
  6.096586e-01   1.957772e-13   9.065181e-05   2.763186e-14   56
  6.103428e-01   1.558172e-13   1.293647e-04   1.332805e-14   96
  6.111616e-01   1.564474e-13   1.428503e-04   1.491877e-14   144
  6.117928e-01   2.110622e-13   8.110480e-05   3.018928e-14   54
  6.127099e-01   1.530847e-13   1.215036e-04   1.684097e-14   108
  6.136327e-01   1.911676e-13   6.433558e-05   2.735203e-14   48
  6.145113e-01   1.718206e-13   2.422440e-04   1.399035e-14   72
  6.166195e-01   1.386600e-13   1.600514e-04   1.197188e-14   78
  6.172037e-01   1.518735e-13   1.206188e-04   1.707417e-14   72
  6.178856e-01   1.337612e-13   1.204690e-04   1.328671e-14   72
  6.185986e-01   2.258405e-13   2.907051e-04   1.908359e-14   96
  6.191621e-01   1.924323e-13   1.202207e-04   1.652524e-14   72
  6.198419e-01   2.162617e-13   0.000000e+00   3.467607e-14   24
  6.205208e-01   1.781657e-13   2.398986e-04   2.432429e-14   72
  6.220544e-01   1.804763e-13   1.523430e-04   2.566289e-14   30
  6.223843e-01   2.391373e-13   0.000000e+00   6.419286e-14   24
  6.241578e-01   2.162070e-13   1.265014e-04   3.947083e-14   48
  6.247142e-01   1.761944e-13   2.722309e-04   1.351645e-14   120
  6.254637e-01   2.181165e-13   1.190257e-04   2.217695e-14   72
  6.262206e-01   1.233997e-13   1.188818e-04   2.023058e-14   36
  6.267409e-01   1.899875e-13   2.349657e-04   1.879423e-14   78
  6.281928e-01   2.726700e-13   1.256888e-04   2.805169e-14   48
  6.300754e-01   2.307984e-13   1.017253e-08   3.903999e-14   24
  6.314166e-01   1.908406e-13   8.752715e-05   2.289704e-14   56
  6.320919e-01   2.649483e-13   1.346877e-04   2.060432e-14   102
  6.329510e-01   2.000800e-13   9.590750e-09   2.388050e-14   72
  6.334498e-01   1.915842e-13   0.000000e+00   3.410672e-14   24
  6.343217e-01   2.487290e-13   1.244744e-04   2.849642e-14   48
  6.359378e-01   1.380818e-13   0.000000e+00   3.054168e-14   24
  6.379213e-01   1.917655e-13   0.000000e+00   2.043099e-14   6
  6.385398e-01   2.068742e-13   0.000000e+00   3.270214e-14   24
  6.389518e-01   2.137906e-13   1.165127e-04   3.239421e-14   72
  6.397046e-01   2.134726e-13   2.173655e-04   1.723796e-14   84
  6.405152e-01   1.813704e-13   0.000000e+00   4.372444e-14   24
  6.407617e-01   2.120024e-13   1.017253e-08   4.161688e-14   24
  6.419927e-01   2.208333e-13   7.193062e-09   2.988341e-14   24
  6.437123e-01   3.513879e-13   0.000000e+00   1.418710e-13   6
  6.459163e-01   2.633057e-13   1.222400e-04   3.278390e-14   48
  6.464458e-01   2.228650e-13   2.302802e-04   2.763199e-14   72
  6.471376e-01   2.476582e-13   1.220094e-04   3.484142e-14   48
  6.482347e-01   9.745104e-14   0.000000e+00   2.284145e-14   24
  6.496947e-01   7.843740e-14   7.193062e-09   2.282266e-14   6
  6.529678e-01   2.694951e-13   0.000000e+00   5.442627e-14   8
  6.532096e-01   1.905281e-13   7.193062e-09   2.899176e-14   48
  6.537895e-01   1.789183e-13   1.183236e-04   2.696287e-14   60
  6.546585e-01   1.259682e-13   0.000000e+00   1.492933e-14   24
  6.558634e-01   3.151338e-13   0.000000e+00   1.094591e-13   6
  6.603027e-01   3.038020e-13   0.000000e+00   4.941071e-14   24
  6.606613e-01   3.334345e-13   1.195118e-04   3.815062e-14   48
  6.612586e-01   2.755502e-13   0.000000e+00   3.918516e-14   24
  6.622132e-01   1.988071e-13   7.193062e-09   4.832201e-14   6
  6.676359e-01   1.902143e-13   1.114931e-04   2.612603e-14   36
  6.680300e-01   2.692674e-13   0.000000e+00   4.553323e-14   24
  6.687387e-01   3.072786e-13   0.000000e+00   5.341940e-14   6
  6.749089e-01   2.657125e-13   1.013241e-04   3.675319e-14   32
  6.754351e-01   2.744481e-13   7.193062e-09   1.627431e-13   6
  6.820657e-01   4.533659e-13   0.000000e+00   1.230558e-13   12
  6.822972e-01   2.762384e-13   0.000000e+00   3.171231e-14   6
  6.893201e-01   3.779898e-13   1.017253e-08   2.796566e-14   6
